v -0.288675 0.788675 0.288675
v -0.213201 0.819801 0.319801
v -0.114708 0.844124 0.344124
v 0.000000 0.853553 0.353553
v 0.114708 0.844124 0.344124
v 0.213201 0.819801 0.319801
v 0.288675 0.788675 0.288675
v -0.319801 0.819801 0.213201
v -0.242536 0.863803 0.242536
v -0.133631 0.900892 0.267261
v 0.000000 0.916025 0.277350
v 0.133631 0.900892 0.267261
v 0.242536 0.863803 0.242536
v 0.319801 0.819801 0.213201
v -0.344124 0.844124 0.114708
v -0.267261 0.900892 0.133631
v -0.150756 0.952267 0.150756
v 0.000000 0.974342 0.158114
v 0.150756 0.952267 0.150756
v 0.267261 0.900892 0.133631
v 0.344124 0.844124 0.114708
v -0.353553 0.853553 0.000000
v -0.277350 0.916025 0.000000
v -0.158114 0.974342 0.000000
v 0.000000 1.000000 0.000000
v 0.158114 0.974342 0.000000
v 0.277350 0.916025 0.000000
v 0.353553 0.853553 0.000000
v -0.344124 0.844124 -0.114708
v -0.267261 0.900892 -0.133631
v -0.150756 0.952267 -0.150756
v 0.000000 0.974342 -0.158114
v 0.150756 0.952267 -0.150756
v 0.267261 0.900892 -0.133631
v 0.344124 0.844124 -0.114708
v -0.319801 0.819801 -0.213201
v -0.242536 0.863803 -0.242536
v -0.133631 0.900892 -0.267261
v 0.000000 0.916025 -0.277350
v 0.133631 0.900892 -0.267261
v 0.242536 0.863803 -0.242536
v 0.319801 0.819801 -0.213201
v -0.288675 0.788675 -0.288675
v -0.213201 0.819801 -0.319801
v -0.114708 0.844124 -0.344124
v 0.000000 0.853553 -0.353553
v 0.114708 0.844124 -0.344124
v 0.213201 0.819801 -0.319801
v 0.288675 0.788675 -0.288675
v -0.288675 0.788675 -0.288675
v -0.213201 0.819801 -0.319801
v -0.114708 0.844124 -0.344124
v 0.000000 0.853553 -0.353553
v 0.114708 0.844124 -0.344124
v 0.213201 0.819801 -0.319801
v 0.288675 0.788675 -0.288675
v -0.319801 0.713201 -0.319801
v -0.242536 0.742536 -0.363803
v -0.133631 0.767261 -0.400892
v 0.000000 0.777350 -0.416025
v 0.133631 0.767261 -0.400892
v 0.242536 0.742536 -0.363803
v 0.319801 0.713201 -0.319801
v -0.344124 0.614708 -0.344124
v -0.267261 0.633631 -0.400892
v -0.150756 0.650756 -0.452267
v 0.000000 0.658114 -0.474342
v 0.150756 0.650756 -0.452267
v 0.267261 0.633631 -0.400892
v 0.344124 0.614708 -0.344124
v -0.353553 0.500000 -0.353553
v -0.277350 0.500000 -0.416025
v -0.158114 0.500000 -0.474342
v 0.000000 0.500000 -0.500000
v 0.158114 0.500000 -0.474342
v 0.277350 0.500000 -0.416025
v 0.353553 0.500000 -0.353553
v 0.288675 0.788675 -0.288675
v 0.319801 0.819801 -0.213201
v 0.344124 0.844124 -0.114708
v 0.353553 0.853553 0.000000
v 0.344124 0.844124 0.114708
v 0.319801 0.819801 0.213201
v 0.288675 0.788675 0.288675
v 0.319801 0.713201 -0.319801
v 0.363803 0.742536 -0.242536
v 0.400892 0.767261 -0.133631
v 0.416025 0.777350 0.000000
v 0.400892 0.767261 0.133631
v 0.363803 0.742536 0.242536
v 0.319801 0.713201 0.319801
v 0.344124 0.614708 -0.344124
v 0.400892 0.633631 -0.267261
v 0.452267 0.650756 -0.150756
v 0.474342 0.658114 0.000000
v 0.452267 0.650756 0.150756
v 0.400892 0.633631 0.267261
v 0.344124 0.614708 0.344124
v 0.353553 0.500000 -0.353553
v 0.416025 0.500000 -0.277350
v 0.474342 0.500000 -0.158114
v 0.500000 0.500000 0.000000
v 0.474342 0.500000 0.158114
v 0.416025 0.500000 0.277350
v 0.353553 0.500000 0.353553
v 0.288675 0.788675 0.288675
v 0.213201 0.819801 0.319801
v 0.114708 0.844124 0.344124
v 0.000000 0.853553 0.353553
v -0.114708 0.844124 0.344124
v -0.213201 0.819801 0.319801
v -0.288675 0.788675 0.288675
v 0.319801 0.713201 0.319801
v 0.242536 0.742536 0.363803
v 0.133631 0.767261 0.400892
v 0.000000 0.777350 0.416025
v -0.133631 0.767261 0.400892
v -0.242536 0.742536 0.363803
v -0.319801 0.713201 0.319801
v 0.344124 0.614708 0.344124
v 0.267261 0.633631 0.400892
v 0.150756 0.650756 0.452267
v 0.000000 0.658114 0.474342
v -0.150756 0.650756 0.452267
v -0.267261 0.633631 0.400892
v -0.344124 0.614708 0.344124
v 0.353553 0.500000 0.353553
v 0.277350 0.500000 0.416025
v 0.158114 0.500000 0.474342
v 0.000000 0.500000 0.500000
v -0.158114 0.500000 0.474342
v -0.277350 0.500000 0.416025
v -0.353553 0.500000 0.353553
v -0.288675 0.788675 0.288675
v -0.319801 0.819801 0.213201
v -0.344124 0.844124 0.114708
v -0.353553 0.853553 0.000000
v -0.344124 0.844124 -0.114708
v -0.319801 0.819801 -0.213201
v -0.288675 0.788675 -0.288675
v -0.319801 0.713201 0.319801
v -0.363803 0.742536 0.242536
v -0.400892 0.767261 0.133631
v -0.416025 0.777350 0.000000
v -0.400892 0.767261 -0.133631
v -0.363803 0.742536 -0.242536
v -0.319801 0.713201 -0.319801
v -0.344124 0.614708 0.344124
v -0.400892 0.633631 0.267261
v -0.452267 0.650756 0.150756
v -0.474342 0.658114 0.000000
v -0.452267 0.650756 -0.150756
v -0.400892 0.633631 -0.267261
v -0.344124 0.614708 -0.344124
v -0.353553 0.500000 0.353553
v -0.416025 0.500000 0.277350
v -0.474342 0.500000 0.158114
v -0.500000 0.500000 0.000000
v -0.474342 0.500000 -0.158114
v -0.416025 0.500000 -0.277350
v -0.353553 0.500000 -0.353553
v 0.288675 -0.788675 0.288675
v 0.213201 -0.819801 0.319801
v 0.114708 -0.844124 0.344124
v 0.000000 -0.853553 0.353553
v -0.114708 -0.844124 0.344124
v -0.213201 -0.819801 0.319801
v -0.288675 -0.788675 0.288675
v 0.319801 -0.819801 0.213201
v 0.242536 -0.863803 0.242536
v 0.133631 -0.900892 0.267261
v 0.000000 -0.916025 0.277350
v -0.133631 -0.900892 0.267261
v -0.242536 -0.863803 0.242536
v -0.319801 -0.819801 0.213201
v 0.344124 -0.844124 0.114708
v 0.267261 -0.900892 0.133631
v 0.150756 -0.952267 0.150756
v 0.000000 -0.974342 0.158114
v -0.150756 -0.952267 0.150756
v -0.267261 -0.900892 0.133631
v -0.344124 -0.844124 0.114708
v 0.353553 -0.853553 0.000000
v 0.277350 -0.916025 0.000000
v 0.158114 -0.974342 0.000000
v 0.000000 -1.000000 0.000000
v -0.158114 -0.974342 0.000000
v -0.277350 -0.916025 0.000000
v -0.353553 -0.853553 0.000000
v 0.344124 -0.844124 -0.114708
v 0.267261 -0.900892 -0.133631
v 0.150756 -0.952267 -0.150756
v 0.000000 -0.974342 -0.158114
v -0.150756 -0.952267 -0.150756
v -0.267261 -0.900892 -0.133631
v -0.344124 -0.844124 -0.114708
v 0.319801 -0.819801 -0.213201
v 0.242536 -0.863803 -0.242536
v 0.133631 -0.900892 -0.267261
v 0.000000 -0.916025 -0.277350
v -0.133631 -0.900892 -0.267261
v -0.242536 -0.863803 -0.242536
v -0.319801 -0.819801 -0.213201
v 0.288675 -0.788675 -0.288675
v 0.213201 -0.819801 -0.319801
v 0.114708 -0.844124 -0.344124
v 0.000000 -0.853553 -0.353553
v -0.114708 -0.844124 -0.344124
v -0.213201 -0.819801 -0.319801
v -0.288675 -0.788675 -0.288675
v 0.288675 -0.788675 -0.288675
v 0.213201 -0.819801 -0.319801
v 0.114708 -0.844124 -0.344124
v 0.000000 -0.853553 -0.353553
v -0.114708 -0.844124 -0.344124
v -0.213201 -0.819801 -0.319801
v -0.288675 -0.788675 -0.288675
v 0.319801 -0.713201 -0.319801
v 0.242536 -0.742536 -0.363803
v 0.133631 -0.767261 -0.400892
v 0.000000 -0.777350 -0.416025
v -0.133631 -0.767261 -0.400892
v -0.242536 -0.742536 -0.363803
v -0.319801 -0.713201 -0.319801
v 0.344124 -0.614708 -0.344124
v 0.267261 -0.633631 -0.400892
v 0.150756 -0.650756 -0.452267
v 0.000000 -0.658114 -0.474342
v -0.150756 -0.650756 -0.452267
v -0.267261 -0.633631 -0.400892
v -0.344124 -0.614708 -0.344124
v 0.353553 -0.500000 -0.353553
v 0.277350 -0.500000 -0.416025
v 0.158114 -0.500000 -0.474342
v 0.000000 -0.500000 -0.500000
v -0.158114 -0.500000 -0.474342
v -0.277350 -0.500000 -0.416025
v -0.353553 -0.500000 -0.353553
v -0.288675 -0.788675 -0.288675
v -0.319801 -0.819801 -0.213201
v -0.344124 -0.844124 -0.114708
v -0.353553 -0.853553 0.000000
v -0.344124 -0.844124 0.114708
v -0.319801 -0.819801 0.213201
v -0.288675 -0.788675 0.288675
v -0.319801 -0.713201 -0.319801
v -0.363803 -0.742536 -0.242536
v -0.400892 -0.767261 -0.133631
v -0.416025 -0.777350 0.000000
v -0.400892 -0.767261 0.133631
v -0.363803 -0.742536 0.242536
v -0.319801 -0.713201 0.319801
v -0.344124 -0.614708 -0.344124
v -0.400892 -0.633631 -0.267261
v -0.452267 -0.650756 -0.150756
v -0.474342 -0.658114 0.000000
v -0.452267 -0.650756 0.150756
v -0.400892 -0.633631 0.267261
v -0.344124 -0.614708 0.344124
v -0.353553 -0.500000 -0.353553
v -0.416025 -0.500000 -0.277350
v -0.474342 -0.500000 -0.158114
v -0.500000 -0.500000 0.000000
v -0.474342 -0.500000 0.158114
v -0.416025 -0.500000 0.277350
v -0.353553 -0.500000 0.353553
v -0.288675 -0.788675 0.288675
v -0.213201 -0.819801 0.319801
v -0.114708 -0.844124 0.344124
v 0.000000 -0.853553 0.353553
v 0.114708 -0.844124 0.344124
v 0.213201 -0.819801 0.319801
v 0.288675 -0.788675 0.288675
v -0.319801 -0.713201 0.319801
v -0.242536 -0.742536 0.363803
v -0.133631 -0.767261 0.400892
v 0.000000 -0.777350 0.416025
v 0.133631 -0.767261 0.400892
v 0.242536 -0.742536 0.363803
v 0.319801 -0.713201 0.319801
v -0.344124 -0.614708 0.344124
v -0.267261 -0.633631 0.400892
v -0.150756 -0.650756 0.452267
v 0.000000 -0.658114 0.474342
v 0.150756 -0.650756 0.452267
v 0.267261 -0.633631 0.400892
v 0.344124 -0.614708 0.344124
v -0.353553 -0.500000 0.353553
v -0.277350 -0.500000 0.416025
v -0.158114 -0.500000 0.474342
v 0.000000 -0.500000 0.500000
v 0.158114 -0.500000 0.474342
v 0.277350 -0.500000 0.416025
v 0.353553 -0.500000 0.353553
v 0.288675 -0.788675 0.288675
v 0.319801 -0.819801 0.213201
v 0.344124 -0.844124 0.114708
v 0.353553 -0.853553 0.000000
v 0.344124 -0.844124 -0.114708
v 0.319801 -0.819801 -0.213201
v 0.288675 -0.788675 -0.288675
v 0.319801 -0.713201 0.319801
v 0.363804 -0.742536 0.242536
v 0.400892 -0.767261 0.133631
v 0.416025 -0.777350 0.000000
v 0.400892 -0.767261 -0.133631
v 0.363804 -0.742536 -0.242536
v 0.319801 -0.713201 -0.319801
v 0.344124 -0.614708 0.344124
v 0.400892 -0.633631 0.267261
v 0.452267 -0.650756 0.150756
v 0.474342 -0.658114 0.000000
v 0.452267 -0.650756 -0.150756
v 0.400892 -0.633631 -0.267261
v 0.344124 -0.614708 -0.344124
v 0.353553 -0.500000 0.353553
v 0.416025 -0.500000 0.277350
v 0.474342 -0.500000 0.158114
v 0.500000 -0.500000 0.000000
v 0.474342 -0.500000 -0.158114
v 0.416025 -0.500000 -0.277350
v 0.353553 -0.500000 -0.353553
v -0.353553 0.500000 -0.353553
v -0.277350 0.500000 -0.416025
v -0.158114 0.500000 -0.474342
v 0.000000 0.500000 -0.500000
v 0.158114 0.500000 -0.474342
v 0.277350 0.500000 -0.416025
v 0.353553 0.500000 -0.353553
v 0.416025 0.500000 -0.277350
v 0.474342 0.500000 -0.158114
v 0.500000 0.500000 0.000000
v 0.474342 0.500000 0.158114
v 0.416025 0.500000 0.277350
v 0.353553 0.500000 0.353553
v 0.277350 0.500000 0.416025
v 0.158114 0.500000 0.474342
v 0.000000 0.500000 0.500000
v -0.158114 0.500000 0.474342
v -0.277350 0.500000 0.416025
v -0.353553 0.500000 0.353553
v -0.416025 0.500000 0.277350
v -0.474342 0.500000 0.158114
v -0.500000 0.500000 0.000000
v -0.474342 0.500000 -0.158114
v -0.416025 0.500000 -0.277350
v -0.353553 -0.500000 -0.353553
v -0.277350 -0.500000 -0.416025
v -0.158114 -0.500000 -0.474342
v 0.000000 -0.500000 -0.500000
v 0.158114 -0.500000 -0.474342
v 0.277350 -0.500000 -0.416025
v 0.353553 -0.500000 -0.353553
v 0.416025 -0.500000 -0.277350
v 0.474342 -0.500000 -0.158114
v 0.500000 -0.500000 0.000000
v 0.474342 -0.500000 0.158114
v 0.416025 -0.500000 0.277350
v 0.353553 -0.500000 0.353553
v 0.277350 -0.500000 0.416025
v 0.158114 -0.500000 0.474342
v 0.000000 -0.500000 0.500000
v -0.158114 -0.500000 0.474342
v -0.277350 -0.500000 0.416025
v -0.353553 -0.500000 0.353553
v -0.416025 -0.500000 0.277350
v -0.474342 -0.500000 0.158114
v -0.500000 -0.500000 0.000000
v -0.474342 -0.500000 -0.158114
v -0.416025 -0.500000 -0.277350
v 0.000000 0.000000 0.000000
v 0.000000 0.000000 0.000000
v 0.000000 0.000000 0.000000
v 0.000000 0.000000 0.000000
v 0.000000 0.000000 0.000000
v 0.000000 0.000000 0.000000
v 0.000000 0.000000 0.000000
v 0.000000 0.000000 0.000000
v 0.000000 0.000000 0.000000
v 0.000000 0.000000 0.000000
v 0.000000 0.000000 0.000000
v 0.000000 0.000000 0.000000
v 0.000000 0.000000 0.000000
v 0.000000 0.000000 0.000000
v 0.000000 0.000000 0.000000
v 0.000000 0.000000 0.000000
v 0.000000 0.000000 0.000000
v 0.000000 0.000000 0.000000
v 0.000000 0.000000 0.000000
v 0.000000 0.000000 0.000000
v 0.000000 0.000000 0.000000
v 0.000000 0.000000 0.000000
v 0.000000 0.000000 0.000000
v 0.000000 0.000000 0.000000
f 0 1 8
f 0 8 7
f 1 2 9
f 1 9 8
f 2 3 10
f 2 10 9
f 3 4 11
f 3 11 10
f 4 5 12
f 4 12 11
f 5 6 13
f 5 13 12
f 7 8 15
f 7 15 14
f 8 9 16
f 8 16 15
f 9 10 17
f 9 17 16
f 10 11 18
f 10 18 17
f 11 12 19
f 11 19 18
f 12 13 20
f 12 20 19
f 14 15 22
f 14 22 21
f 15 16 23
f 15 23 22
f 16 17 24
f 16 24 23
f 17 18 25
f 17 25 24
f 18 19 26
f 18 26 25
f 19 20 27
f 19 27 26
f 21 22 29
f 21 29 28
f 22 23 30
f 22 30 29
f 23 24 31
f 23 31 30
f 24 25 32
f 24 32 31
f 25 26 33
f 25 33 32
f 26 27 34
f 26 34 33
f 28 29 36
f 28 36 35
f 29 30 37
f 29 37 36
f 30 31 38
f 30 38 37
f 31 32 39
f 31 39 38
f 32 33 40
f 32 40 39
f 33 34 41
f 33 41 40
f 35 36 43
f 35 43 42
f 36 37 44
f 36 44 43
f 37 38 45
f 37 45 44
f 38 39 46
f 38 46 45
f 39 40 47
f 39 47 46
f 40 41 48
f 40 48 47
f 49 50 57
f 49 57 56
f 50 51 58
f 50 58 57
f 51 52 59
f 51 59 58
f 52 53 60
f 52 60 59
f 53 54 61
f 53 61 60
f 54 55 62
f 54 62 61
f 56 57 64
f 56 64 63
f 57 58 65
f 57 65 64
f 58 59 66
f 58 66 65
f 59 60 67
f 59 67 66
f 60 61 68
f 60 68 67
f 61 62 69
f 61 69 68
f 63 64 71
f 63 71 70
f 64 65 72
f 64 72 71
f 65 66 73
f 65 73 72
f 66 67 74
f 66 74 73
f 67 68 75
f 67 75 74
f 68 69 76
f 68 76 75
f 77 78 85
f 77 85 84
f 78 79 86
f 78 86 85
f 79 80 87
f 79 87 86
f 80 81 88
f 80 88 87
f 81 82 89
f 81 89 88
f 82 83 90
f 82 90 89
f 84 85 92
f 84 92 91
f 85 86 93
f 85 93 92
f 86 87 94
f 86 94 93
f 87 88 95
f 87 95 94
f 88 89 96
f 88 96 95
f 89 90 97
f 89 97 96
f 91 92 99
f 91 99 98
f 92 93 100
f 92 100 99
f 93 94 101
f 93 101 100
f 94 95 102
f 94 102 101
f 95 96 103
f 95 103 102
f 96 97 104
f 96 104 103
f 105 106 113
f 105 113 112
f 106 107 114
f 106 114 113
f 107 108 115
f 107 115 114
f 108 109 116
f 108 116 115
f 109 110 117
f 109 117 116
f 110 111 118
f 110 118 117
f 112 113 120
f 112 120 119
f 113 114 121
f 113 121 120
f 114 115 122
f 114 122 121
f 115 116 123
f 115 123 122
f 116 117 124
f 116 124 123
f 117 118 125
f 117 125 124
f 119 120 127
f 119 127 126
f 120 121 128
f 120 128 127
f 121 122 129
f 121 129 128
f 122 123 130
f 122 130 129
f 123 124 131
f 123 131 130
f 124 125 132
f 124 132 131
f 133 134 141
f 133 141 140
f 134 135 142
f 134 142 141
f 135 136 143
f 135 143 142
f 136 137 144
f 136 144 143
f 137 138 145
f 137 145 144
f 138 139 146
f 138 146 145
f 140 141 148
f 140 148 147
f 141 142 149
f 141 149 148
f 142 143 150
f 142 150 149
f 143 144 151
f 143 151 150
f 144 145 152
f 144 152 151
f 145 146 153
f 145 153 152
f 147 148 155
f 147 155 154
f 148 149 156
f 148 156 155
f 149 150 157
f 149 157 156
f 150 151 158
f 150 158 157
f 151 152 159
f 151 159 158
f 152 153 160
f 152 160 159
f 161 162 169
f 161 169 168
f 162 163 170
f 162 170 169
f 163 164 171
f 163 171 170
f 164 165 172
f 164 172 171
f 165 166 173
f 165 173 172
f 166 167 174
f 166 174 173
f 168 169 176
f 168 176 175
f 169 170 177
f 169 177 176
f 170 171 178
f 170 178 177
f 171 172 179
f 171 179 178
f 172 173 180
f 172 180 179
f 173 174 181
f 173 181 180
f 175 176 183
f 175 183 182
f 176 177 184
f 176 184 183
f 177 178 185
f 177 185 184
f 178 179 186
f 178 186 185
f 179 180 187
f 179 187 186
f 180 181 188
f 180 188 187
f 182 183 190
f 182 190 189
f 183 184 191
f 183 191 190
f 184 185 192
f 184 192 191
f 185 186 193
f 185 193 192
f 186 187 194
f 186 194 193
f 187 188 195
f 187 195 194
f 189 190 197
f 189 197 196
f 190 191 198
f 190 198 197
f 191 192 199
f 191 199 198
f 192 193 200
f 192 200 199
f 193 194 201
f 193 201 200
f 194 195 202
f 194 202 201
f 196 197 204
f 196 204 203
f 197 198 205
f 197 205 204
f 198 199 206
f 198 206 205
f 199 200 207
f 199 207 206
f 200 201 208
f 200 208 207
f 201 202 209
f 201 209 208
f 210 211 218
f 210 218 217
f 211 212 219
f 211 219 218
f 212 213 220
f 212 220 219
f 213 214 221
f 213 221 220
f 214 215 222
f 214 222 221
f 215 216 223
f 215 223 222
f 217 218 225
f 217 225 224
f 218 219 226
f 218 226 225
f 219 220 227
f 219 227 226
f 220 221 228
f 220 228 227
f 221 222 229
f 221 229 228
f 222 223 230
f 222 230 229
f 224 225 232
f 224 232 231
f 225 226 233
f 225 233 232
f 226 227 234
f 226 234 233
f 227 228 235
f 227 235 234
f 228 229 236
f 228 236 235
f 229 230 237
f 229 237 236
f 238 239 246
f 238 246 245
f 239 240 247
f 239 247 246
f 240 241 248
f 240 248 247
f 241 242 249
f 241 249 248
f 242 243 250
f 242 250 249
f 243 244 251
f 243 251 250
f 245 246 253
f 245 253 252
f 246 247 254
f 246 254 253
f 247 248 255
f 247 255 254
f 248 249 256
f 248 256 255
f 249 250 257
f 249 257 256
f 250 251 258
f 250 258 257
f 252 253 260
f 252 260 259
f 253 254 261
f 253 261 260
f 254 255 262
f 254 262 261
f 255 256 263
f 255 263 262
f 256 257 264
f 256 264 263
f 257 258 265
f 257 265 264
f 266 267 274
f 266 274 273
f 267 268 275
f 267 275 274
f 268 269 276
f 268 276 275
f 269 270 277
f 269 277 276
f 270 271 278
f 270 278 277
f 271 272 279
f 271 279 278
f 273 274 281
f 273 281 280
f 274 275 282
f 274 282 281
f 275 276 283
f 275 283 282
f 276 277 284
f 276 284 283
f 277 278 285
f 277 285 284
f 278 279 286
f 278 286 285
f 280 281 288
f 280 288 287
f 281 282 289
f 281 289 288
f 282 283 290
f 282 290 289
f 283 284 291
f 283 291 290
f 284 285 292
f 284 292 291
f 285 286 293
f 285 293 292
f 294 295 302
f 294 302 301
f 295 296 303
f 295 303 302
f 296 297 304
f 296 304 303
f 297 298 305
f 297 305 304
f 298 299 306
f 298 306 305
f 299 300 307
f 299 307 306
f 301 302 309
f 301 309 308
f 302 303 310
f 302 310 309
f 303 304 311
f 303 311 310
f 304 305 312
f 304 312 311
f 305 306 313
f 305 313 312
f 306 307 314
f 306 314 313
f 308 309 316
f 308 316 315
f 309 310 317
f 309 317 316
f 310 311 318
f 310 318 317
f 311 312 319
f 311 319 318
f 312 313 320
f 312 320 319
f 313 314 321
f 313 321 320
f 322 323 347
f 322 347 346
f 323 324 348
f 323 348 347
f 324 325 349
f 324 349 348
f 325 326 350
f 325 350 349
f 326 327 351
f 326 351 350
f 327 328 352
f 327 352 351
f 328 329 353
f 328 353 352
f 329 330 354
f 329 354 353
f 330 331 355
f 330 355 354
f 331 332 356
f 331 356 355
f 332 333 357
f 332 357 356
f 333 334 358
f 333 358 357
f 334 335 359
f 334 359 358
f 335 336 360
f 335 360 359
f 336 337 361
f 336 361 360
f 337 338 362
f 337 362 361
f 338 339 363
f 338 363 362
f 339 340 364
f 339 364 363
f 340 341 365
f 340 365 364
f 341 342 366
f 341 366 365
f 342 343 367
f 342 367 366
f 343 344 368
f 343 368 367
f 344 345 369
f 344 369 368
f 345 322 346
f 345 346 369
f 0 0 0
f 0 0 0
f 0 0 0
f 0 0 0
f 0 0 0
f 0 0 0
f 0 0 0
f 0 0 0
f 0 0 0
f 0 0 0
f 0 0 0
f 0 0 0
f 0 0 0
f 0 0 0
f 0 0 0
f 0 0 0
f 0 0 0
f 0 0 0
f 0 0 0
f 0 0 0
f 0 0 0
f 0 0 0
f 0 0 0
f 0 0 0
