v 0.000000 1.000000 2.000000
v -1.000000 1.000000 1.732051
v -1.732051 1.000000 1.000000
v -2.000000 1.000000 0.000000
v -1.732051 1.000000 -1.000000
v -1.000000 1.000000 -1.732051
v 0.000000 1.000000 -2.000000
v 1.000000 1.000000 -1.732051
v 1.732051 1.000000 -1.000000
v 2.000000 1.000000 0.000000
v 1.732051 1.000000 1.000000
v 1.000000 1.000000 1.732051
v 0.000000 -1.000000 2.000000
v -1.000000 -1.000000 1.732051
v -1.732051 -1.000000 1.000000
v -2.000000 -1.000000 0.000000
v -1.732051 -1.000000 -1.000000
v -1.000000 -1.000000 -1.732051
v 0.000000 -1.000000 -2.000000
v 1.000000 -1.000000 -1.732051
v 1.732051 -1.000000 -1.000000
v 2.000000 -1.000000 0.000000
v 1.732051 -1.000000 1.000000
v 1.000000 -1.000000 1.732051
f 0 1 13
f 0 13 12
f 1 2 14
f 1 14 13
f 2 3 15
f 2 15 14
f 3 4 16
f 3 16 15
f 4 5 17
f 4 17 16
f 5 6 18
f 5 18 17
f 6 7 19
f 6 19 18
f 7 8 20
f 7 20 19
f 8 9 21
f 8 21 20
f 9 10 22
f 9 22 21
f 10 11 23
f 10 23 22
f 11 0 12
f 11 12 23
f 0 2 1
f 0 3 2
f 0 4 3
f 0 5 4
f 0 6 5
f 0 7 6
f 0 8 7
f 0 9 8
f 0 10 9
f 0 11 10
f 12 13 14
f 12 14 15
f 12 15 16
f 12 16 17
f 12 17 18
f 12 18 19
f 12 19 20
f 12 20 21
f 12 21 22
f 12 22 23
