v 0.000000 0.000000 1.000000
v -0.500000 0.000000 0.866025
v -0.866025 0.000000 0.500000
v -1.000000 0.000000 0.000000
v -0.866025 0.000000 -0.500000
v -0.500000 0.000000 -0.866025
v 0.000000 0.000000 -1.000000
v 0.500000 0.000000 -0.866025
v 0.866025 0.000000 -0.500000
v 1.000000 0.000000 0.000000
v 0.866025 0.000000 0.500000
v 0.500000 0.000000 0.866025
v 0.000000 2.000000 0.000000
f 0 1 2
f 0 2 3
f 0 3 4
f 0 4 5
f 0 5 6
f 0 6 7
f 0 7 8
f 0 8 9
f 0 9 10
f 0 10 11
f 12 1 0
f 12 2 1
f 12 3 2
f 12 4 3
f 12 5 4
f 12 6 5
f 12 7 6
f 12 8 7
f 12 9 8
f 12 10 9
f 12 11 10
f 12 0 11
