v -1.000000 0.500000 0.000000
v -1.250000 0.433013 0.000000
v -1.433013 0.250000 0.000000
v -1.500000 0.000000 0.000000
v -1.433013 -0.250000 0.000000
v -1.250000 -0.433013 0.000000
v -1.000000 -0.500000 0.000000
v -0.750000 -0.433013 0.000000
v -0.566987 -0.250000 0.000000
v -0.500000 0.000000 0.000000
v -0.566987 0.250000 0.000000
v -0.750000 0.433013 0.000000
v -0.951057 0.500000 0.309017
v -1.188821 0.433013 0.386271
v -1.362876 0.250000 0.442825
v -1.426585 0.000000 0.463526
v -1.362876 -0.250000 0.442825
v -1.188821 -0.433013 0.386271
v -0.951057 -0.500000 0.309017
v -0.713292 -0.433013 0.231763
v -0.539237 -0.250000 0.175209
v -0.475528 0.000000 0.154509
v -0.539237 0.250000 0.175209
v -0.713292 0.433013 0.231763
v -0.809017 0.500000 0.587785
v -1.011271 0.433013 0.734732
v -1.159332 0.250000 0.842304
v -1.213526 0.000000 0.881678
v -1.159332 -0.250000 0.842304
v -1.011271 -0.433013 0.734732
v -0.809017 -0.500000 0.587785
v -0.606763 -0.433013 0.440839
v -0.458702 -0.250000 0.333267
v -0.404509 0.000000 0.293893
v -0.458702 0.250000 0.333267
v -0.606763 0.433013 0.440839
v -0.587785 0.500000 0.809017
v -0.734732 0.433013 1.011271
v -0.842304 0.250000 1.159332
v -0.881678 0.000000 1.213526
v -0.842304 -0.250000 1.159332
v -0.734732 -0.433013 1.011271
v -0.587785 -0.500000 0.809017
v -0.440839 -0.433013 0.606763
v -0.333267 -0.250000 0.458702
v -0.293893 0.000000 0.404509
v -0.333267 0.250000 0.458702
v -0.440839 0.433013 0.606763
v -0.309017 0.500000 0.951057
v -0.386271 0.433013 1.188821
v -0.442825 0.250000 1.362876
v -0.463526 0.000000 1.426585
v -0.442825 -0.250000 1.362876
v -0.386271 -0.433013 1.188821
v -0.309017 -0.500000 0.951057
v -0.231763 -0.433013 0.713292
v -0.175209 -0.250000 0.539237
v -0.154508 0.000000 0.475528
v -0.175209 0.250000 0.539237
v -0.231763 0.433013 0.713292
v 0.000000 0.500000 1.000000
v -0.000000 0.433013 1.250000
v 0.000000 0.250000 1.433013
v -0.000000 0.000000 1.500000
v 0.000000 -0.250000 1.433013
v -0.000000 -0.433013 1.250000
v 0.000000 -0.500000 1.000000
v -0.000000 -0.433013 0.750000
v 0.000000 -0.250000 0.566987
v 0.000000 0.000000 0.500000
v 0.000000 0.250000 0.566987
v -0.000000 0.433013 0.750000
v 0.309017 0.500000 0.951057
v 0.386271 0.433013 1.188821
v 0.442825 0.250000 1.362876
v 0.463526 0.000000 1.426585
v 0.442825 -0.250000 1.362876
v 0.386271 -0.433013 1.188821
v 0.309017 -0.500000 0.951057
v 0.231763 -0.433013 0.713293
v 0.175209 -0.250000 0.539237
v 0.154509 0.000000 0.475528
v 0.175209 0.250000 0.539237
v 0.231763 0.433013 0.713293
v 0.587785 0.500000 0.809017
v 0.734732 0.433013 1.011271
v 0.842304 0.250000 1.159332
v 0.881678 0.000000 1.213526
v 0.842304 -0.250000 1.159332
v 0.734732 -0.433013 1.011271
v 0.587785 -0.500000 0.809017
v 0.440839 -0.433013 0.606763
v 0.333267 -0.250000 0.458703
v 0.293893 0.000000 0.404509
v 0.333267 0.250000 0.458703
v 0.440839 0.433013 0.606763
v 0.809017 0.500000 0.587785
v 1.011271 0.433013 0.734732
v 1.159332 0.250000 0.842304
v 1.213526 0.000000 0.881678
v 1.159332 -0.250000 0.842304
v 1.011271 -0.433013 0.734732
v 0.809017 -0.500000 0.587785
v 0.606763 -0.433013 0.440839
v 0.458703 -0.250000 0.333267
v 0.404509 0.000000 0.293893
v 0.458703 0.250000 0.333267
v 0.606763 0.433013 0.440839
v 0.951057 0.500000 0.309017
v 1.188821 0.433013 0.386272
v 1.362876 0.250000 0.442825
v 1.426585 0.000000 0.463526
v 1.362876 -0.250000 0.442825
v 1.188821 -0.433013 0.386272
v 0.951057 -0.500000 0.309017
v 0.713293 -0.433013 0.231763
v 0.539237 -0.250000 0.175209
v 0.475528 0.000000 0.154509
v 0.539237 0.250000 0.175209
v 0.713293 0.433013 0.231763
v 1.000000 0.500000 0.000000
v 1.250000 0.433013 0.000000
v 1.433013 0.250000 -0.000000
v 1.500000 0.000000 0.000000
v 1.433013 -0.250000 -0.000000
v 1.250000 -0.433013 0.000000
v 1.000000 -0.500000 0.000000
v 0.750000 -0.433013 0.000000
v 0.566988 -0.250000 0.000000
v 0.500000 0.000000 0.000000
v 0.566988 0.250000 0.000000
v 0.750000 0.433013 0.000000
v 0.951057 0.500000 -0.309017
v 1.188821 0.433013 -0.386271
v 1.362876 0.250000 -0.442825
v 1.426585 0.000000 -0.463526
v 1.362876 -0.250000 -0.442825
v 1.188821 -0.433013 -0.386271
v 0.951057 -0.500000 -0.309017
v 0.713293 -0.433013 -0.231763
v 0.539237 -0.250000 -0.175209
v 0.475528 0.000000 -0.154509
v 0.539237 0.250000 -0.175209
v 0.713293 0.433013 -0.231763
v 0.809017 0.500000 -0.587785
v 1.011272 0.433013 -0.734732
v 1.159332 0.250000 -0.842304
v 1.213526 0.000000 -0.881678
v 1.159332 -0.250000 -0.842304
v 1.011272 -0.433013 -0.734732
v 0.809017 -0.500000 -0.587785
v 0.606763 -0.433013 -0.440839
v 0.458703 -0.250000 -0.333267
v 0.404509 0.000000 -0.293893
v 0.458703 0.250000 -0.333267
v 0.606763 0.433013 -0.440839
v 0.587785 0.500000 -0.809017
v 0.734732 0.433013 -1.011271
v 0.842304 0.250000 -1.159332
v 0.881678 0.000000 -1.213526
v 0.842304 -0.250000 -1.159332
v 0.734732 -0.433013 -1.011271
v 0.587785 -0.500000 -0.809017
v 0.440839 -0.433013 -0.606763
v 0.333267 -0.250000 -0.458703
v 0.293893 0.000000 -0.404509
v 0.333267 0.250000 -0.458703
v 0.440839 0.433013 -0.606763
v 0.309017 0.500000 -0.951057
v 0.386271 0.433013 -1.188821
v 0.442825 0.250000 -1.362877
v 0.463526 0.000000 -1.426585
v 0.442825 -0.250000 -1.362877
v 0.386271 -0.433013 -1.188821
v 0.309017 -0.500000 -0.951057
v 0.231763 -0.433013 -0.713293
v 0.175209 -0.250000 -0.539237
v 0.154509 0.000000 -0.475528
v 0.175209 0.250000 -0.539237
v 0.231763 0.433013 -0.713293
v 0.000000 0.500000 -1.000000
v 0.000000 0.433013 -1.250001
v -0.000000 0.250000 -1.433013
v 0.000000 0.000000 -1.500001
v -0.000000 -0.250000 -1.433013
v 0.000000 -0.433013 -1.250001
v 0.000000 -0.500000 -1.000000
v 0.000000 -0.433013 -0.750000
v 0.000000 -0.250000 -0.566988
v 0.000000 0.000000 -0.500000
v 0.000000 0.250000 -0.566988
v 0.000000 0.433013 -0.750000
v -0.309017 0.500000 -0.951057
v -0.386271 0.433013 -1.188821
v -0.442826 0.250000 -1.362877
v -0.463526 0.000000 -1.426585
v -0.442826 -0.250000 -1.362877
v -0.386271 -0.433013 -1.188821
v -0.309017 -0.500000 -0.951057
v -0.231763 -0.433013 -0.713293
v -0.175209 -0.250000 -0.539237
v -0.154509 0.000000 -0.475529
v -0.175209 0.250000 -0.539237
v -0.231763 0.433013 -0.713293
v -0.587786 0.500000 -0.809017
v -0.734732 0.433013 -1.011272
v -0.842304 0.250000 -1.159332
v -0.881678 0.000000 -1.213526
v -0.842304 -0.250000 -1.159332
v -0.734732 -0.433013 -1.011272
v -0.587786 -0.500000 -0.809017
v -0.440839 -0.433013 -0.606763
v -0.333267 -0.250000 -0.458703
v -0.293893 0.000000 -0.404509
v -0.333267 0.250000 -0.458703
v -0.440839 0.433013 -0.606763
v -0.809018 0.500000 -0.587786
v -1.011272 0.433013 -0.734732
v -1.159332 0.250000 -0.842304
v -1.213526 0.000000 -0.881678
v -1.159332 -0.250000 -0.842304
v -1.011272 -0.433013 -0.734732
v -0.809018 -0.500000 -0.587786
v -0.606763 -0.433013 -0.440839
v -0.458703 -0.250000 -0.333267
v -0.404509 0.000000 -0.293893
v -0.458703 0.250000 -0.333267
v -0.606763 0.433013 -0.440839
v -0.951057 0.500000 -0.309017
v -1.188821 0.433013 -0.386272
v -1.362877 0.250000 -0.442825
v -1.426585 0.000000 -0.463526
v -1.362877 -0.250000 -0.442825
v -1.188821 -0.433013 -0.386272
v -0.951057 -0.500000 -0.309017
v -0.713293 -0.433013 -0.231763
v -0.539237 -0.250000 -0.175209
v -0.475529 0.000000 -0.154509
v -0.539237 0.250000 -0.175209
v -0.713293 0.433013 -0.231763
f 0 1 13
f 0 13 12
f 1 2 14
f 1 14 13
f 2 3 15
f 2 15 14
f 3 4 16
f 3 16 15
f 4 5 17
f 4 17 16
f 5 6 18
f 5 18 17
f 6 7 19
f 6 19 18
f 7 8 20
f 7 20 19
f 8 9 21
f 8 21 20
f 9 10 22
f 9 22 21
f 10 11 23
f 10 23 22
f 11 0 12
f 11 12 23
f 12 13 25
f 12 25 24
f 13 14 26
f 13 26 25
f 14 15 27
f 14 27 26
f 15 16 28
f 15 28 27
f 16 17 29
f 16 29 28
f 17 18 30
f 17 30 29
f 18 19 31
f 18 31 30
f 19 20 32
f 19 32 31
f 20 21 33
f 20 33 32
f 21 22 34
f 21 34 33
f 22 23 35
f 22 35 34
f 23 12 24
f 23 24 35
f 24 25 37
f 24 37 36
f 25 26 38
f 25 38 37
f 26 27 39
f 26 39 38
f 27 28 40
f 27 40 39
f 28 29 41
f 28 41 40
f 29 30 42
f 29 42 41
f 30 31 43
f 30 43 42
f 31 32 44
f 31 44 43
f 32 33 45
f 32 45 44
f 33 34 46
f 33 46 45
f 34 35 47
f 34 47 46
f 35 24 36
f 35 36 47
f 36 37 49
f 36 49 48
f 37 38 50
f 37 50 49
f 38 39 51
f 38 51 50
f 39 40 52
f 39 52 51
f 40 41 53
f 40 53 52
f 41 42 54
f 41 54 53
f 42 43 55
f 42 55 54
f 43 44 56
f 43 56 55
f 44 45 57
f 44 57 56
f 45 46 58
f 45 58 57
f 46 47 59
f 46 59 58
f 47 36 48
f 47 48 59
f 48 49 61
f 48 61 60
f 49 50 62
f 49 62 61
f 50 51 63
f 50 63 62
f 51 52 64
f 51 64 63
f 52 53 65
f 52 65 64
f 53 54 66
f 53 66 65
f 54 55 67
f 54 67 66
f 55 56 68
f 55 68 67
f 56 57 69
f 56 69 68
f 57 58 70
f 57 70 69
f 58 59 71
f 58 71 70
f 59 48 60
f 59 60 71
f 60 61 73
f 60 73 72
f 61 62 74
f 61 74 73
f 62 63 75
f 62 75 74
f 63 64 76
f 63 76 75
f 64 65 77
f 64 77 76
f 65 66 78
f 65 78 77
f 66 67 79
f 66 79 78
f 67 68 80
f 67 80 79
f 68 69 81
f 68 81 80
f 69 70 82
f 69 82 81
f 70 71 83
f 70 83 82
f 71 60 72
f 71 72 83
f 72 73 85
f 72 85 84
f 73 74 86
f 73 86 85
f 74 75 87
f 74 87 86
f 75 76 88
f 75 88 87
f 76 77 89
f 76 89 88
f 77 78 90
f 77 90 89
f 78 79 91
f 78 91 90
f 79 80 92
f 79 92 91
f 80 81 93
f 80 93 92
f 81 82 94
f 81 94 93
f 82 83 95
f 82 95 94
f 83 72 84
f 83 84 95
f 84 85 97
f 84 97 96
f 85 86 98
f 85 98 97
f 86 87 99
f 86 99 98
f 87 88 100
f 87 100 99
f 88 89 101
f 88 101 100
f 89 90 102
f 89 102 101
f 90 91 103
f 90 103 102
f 91 92 104
f 91 104 103
f 92 93 105
f 92 105 104
f 93 94 106
f 93 106 105
f 94 95 107
f 94 107 106
f 95 84 96
f 95 96 107
f 96 97 109
f 96 109 108
f 97 98 110
f 97 110 109
f 98 99 111
f 98 111 110
f 99 100 112
f 99 112 111
f 100 101 113
f 100 113 112
f 101 102 114
f 101 114 113
f 102 103 115
f 102 115 114
f 103 104 116
f 103 116 115
f 104 105 117
f 104 117 116
f 105 106 118
f 105 118 117
f 106 107 119
f 106 119 118
f 107 96 108
f 107 108 119
f 108 109 121
f 108 121 120
f 109 110 122
f 109 122 121
f 110 111 123
f 110 123 122
f 111 112 124
f 111 124 123
f 112 113 125
f 112 125 124
f 113 114 126
f 113 126 125
f 114 115 127
f 114 127 126
f 115 116 128
f 115 128 127
f 116 117 129
f 116 129 128
f 117 118 130
f 117 130 129
f 118 119 131
f 118 131 130
f 119 108 120
f 119 120 131
f 120 121 133
f 120 133 132
f 121 122 134
f 121 134 133
f 122 123 135
f 122 135 134
f 123 124 136
f 123 136 135
f 124 125 137
f 124 137 136
f 125 126 138
f 125 138 137
f 126 127 139
f 126 139 138
f 127 128 140
f 127 140 139
f 128 129 141
f 128 141 140
f 129 130 142
f 129 142 141
f 130 131 143
f 130 143 142
f 131 120 132
f 131 132 143
f 132 133 145
f 132 145 144
f 133 134 146
f 133 146 145
f 134 135 147
f 134 147 146
f 135 136 148
f 135 148 147
f 136 137 149
f 136 149 148
f 137 138 150
f 137 150 149
f 138 139 151
f 138 151 150
f 139 140 152
f 139 152 151
f 140 141 153
f 140 153 152
f 141 142 154
f 141 154 153
f 142 143 155
f 142 155 154
f 143 132 144
f 143 144 155
f 144 145 157
f 144 157 156
f 145 146 158
f 145 158 157
f 146 147 159
f 146 159 158
f 147 148 160
f 147 160 159
f 148 149 161
f 148 161 160
f 149 150 162
f 149 162 161
f 150 151 163
f 150 163 162
f 151 152 164
f 151 164 163
f 152 153 165
f 152 165 164
f 153 154 166
f 153 166 165
f 154 155 167
f 154 167 166
f 155 144 156
f 155 156 167
f 156 157 169
f 156 169 168
f 157 158 170
f 157 170 169
f 158 159 171
f 158 171 170
f 159 160 172
f 159 172 171
f 160 161 173
f 160 173 172
f 161 162 174
f 161 174 173
f 162 163 175
f 162 175 174
f 163 164 176
f 163 176 175
f 164 165 177
f 164 177 176
f 165 166 178
f 165 178 177
f 166 167 179
f 166 179 178
f 167 156 168
f 167 168 179
f 168 169 181
f 168 181 180
f 169 170 182
f 169 182 181
f 170 171 183
f 170 183 182
f 171 172 184
f 171 184 183
f 172 173 185
f 172 185 184
f 173 174 186
f 173 186 185
f 174 175 187
f 174 187 186
f 175 176 188
f 175 188 187
f 176 177 189
f 176 189 188
f 177 178 190
f 177 190 189
f 178 179 191
f 178 191 190
f 179 168 180
f 179 180 191
f 180 181 193
f 180 193 192
f 181 182 194
f 181 194 193
f 182 183 195
f 182 195 194
f 183 184 196
f 183 196 195
f 184 185 197
f 184 197 196
f 185 186 198
f 185 198 197
f 186 187 199
f 186 199 198
f 187 188 200
f 187 200 199
f 188 189 201
f 188 201 200
f 189 190 202
f 189 202 201
f 190 191 203
f 190 203 202
f 191 180 192
f 191 192 203
f 192 193 205
f 192 205 204
f 193 194 206
f 193 206 205
f 194 195 207
f 194 207 206
f 195 196 208
f 195 208 207
f 196 197 209
f 196 209 208
f 197 198 210
f 197 210 209
f 198 199 211
f 198 211 210
f 199 200 212
f 199 212 211
f 200 201 213
f 200 213 212
f 201 202 214
f 201 214 213
f 202 203 215
f 202 215 214
f 203 192 204
f 203 204 215
f 204 205 217
f 204 217 216
f 205 206 218
f 205 218 217
f 206 207 219
f 206 219 218
f 207 208 220
f 207 220 219
f 208 209 221
f 208 221 220
f 209 210 222
f 209 222 221
f 210 211 223
f 210 223 222
f 211 212 224
f 211 224 223
f 212 213 225
f 212 225 224
f 213 214 226
f 213 226 225
f 214 215 227
f 214 227 226
f 215 204 216
f 215 216 227
f 216 217 229
f 216 229 228
f 217 218 230
f 217 230 229
f 218 219 231
f 218 231 230
f 219 220 232
f 219 232 231
f 220 221 233
f 220 233 232
f 221 222 234
f 221 234 233
f 222 223 235
f 222 235 234
f 223 224 236
f 223 236 235
f 224 225 237
f 224 237 236
f 225 226 238
f 225 238 237
f 226 227 239
f 226 239 238
f 227 216 228
f 227 228 239
f 228 229 1
f 228 1 0
f 229 230 2
f 229 2 1
f 230 231 3
f 230 3 2
f 231 232 4
f 231 4 3
f 232 233 5
f 232 5 4
f 233 234 6
f 233 6 5
f 234 235 7
f 234 7 6
f 235 236 8
f 235 8 7
f 236 237 9
f 236 9 8
f 237 238 10
f 237 10 9
f 238 239 11
f 238 11 10
f 239 228 0
f 239 0 11
