v 0.000000 1.000000 0.000000
v -0.309017 0.951057 0.000000
v -0.587785 0.809017 0.000000
v -0.809017 0.587785 0.000000
v -0.951057 0.309017 0.000000
v -1.000000 -0.000000 0.000000
v -0.951057 -0.309017 0.000000
v -0.809017 -0.587785 0.000000
v -0.587785 -0.809017 0.000000
v -0.309017 -0.951057 0.000000
v 0.000000 -1.000000 0.000000
v 0.000000 1.000000 0.000000
v -0.293893 0.951057 0.095492
v -0.559017 0.809017 0.181636
v -0.769421 0.587785 0.250000
v -0.904509 0.309017 0.293893
v -0.951057 -0.000000 0.309017
v -0.904509 -0.309017 0.293893
v -0.769421 -0.587785 0.250000
v -0.559017 -0.809017 0.181636
v -0.293893 -0.951057 0.095492
v 0.000000 -1.000000 0.000000
v 0.000000 1.000000 0.000000
v -0.250000 0.951057 0.181636
v -0.475528 0.809017 0.345492
v -0.654509 0.587785 0.475528
v -0.769421 0.309017 0.559017
v -0.809017 -0.000000 0.587785
v -0.769421 -0.309017 0.559017
v -0.654509 -0.587785 0.475528
v -0.475528 -0.809017 0.345492
v -0.250000 -0.951057 0.181636
v 0.000000 -1.000000 0.000000
v 0.000000 1.000000 0.000000
v -0.181636 0.951057 0.250000
v -0.345492 0.809017 0.475528
v -0.475528 0.587785 0.654509
v -0.559017 0.309017 0.769421
v -0.587785 -0.000000 0.809017
v -0.559017 -0.309017 0.769421
v -0.475528 -0.587785 0.654509
v -0.345492 -0.809017 0.475528
v -0.181636 -0.951057 0.250000
v 0.000000 -1.000000 0.000000
v 0.000000 1.000000 0.000000
v -0.095491 0.951057 0.293893
v -0.181636 0.809017 0.559017
v -0.250000 0.587785 0.769421
v -0.293893 0.309017 0.904509
v -0.309017 -0.000000 0.951057
v -0.293893 -0.309017 0.904509
v -0.250000 -0.587785 0.769421
v -0.181636 -0.809017 0.559017
v -0.095492 -0.951057 0.293893
v 0.000000 -1.000000 0.000000
v 0.000000 1.000000 0.000000
v 0.000000 0.951057 0.309017
v 0.000000 0.809017 0.587785
v 0.000000 0.587785 0.809017
v 0.000000 0.309017 0.951057
v 0.000000 -0.000000 1.000000
v 0.000000 -0.309017 0.951057
v 0.000000 -0.587785 0.809017
v 0.000000 -0.809017 0.587785
v 0.000000 -0.951057 0.309017
v 0.000000 -1.000000 0.000000
v 0.000000 1.000000 0.000000
v 0.095492 0.951057 0.293893
v 0.181636 0.809017 0.559017
v 0.250000 0.587785 0.769421
v 0.293893 0.309017 0.904509
v 0.309017 -0.000000 0.951057
v 0.293893 -0.309017 0.904509
v 0.250000 -0.587785 0.769421
v 0.181636 -0.809017 0.559017
v 0.095492 -0.951057 0.293893
v 0.000000 -1.000000 0.000000
v 0.000000 1.000000 0.000000
v 0.181636 0.951057 0.250000
v 0.345491 0.809017 0.475528
v 0.475528 0.587785 0.654509
v 0.559017 0.309017 0.769421
v 0.587785 -0.000000 0.809017
v 0.559017 -0.309017 0.769421
v 0.475528 -0.587785 0.654509
v 0.345492 -0.809017 0.475528
v 0.181636 -0.951057 0.250000
v 0.000000 -1.000000 0.000000
v 0.000000 1.000000 0.000000
v 0.250000 0.951057 0.181636
v 0.475528 0.809017 0.345491
v 0.654509 0.587785 0.475528
v 0.769421 0.309017 0.559017
v 0.809017 -0.000000 0.587785
v 0.769421 -0.309017 0.559017
v 0.654509 -0.587785 0.475528
v 0.475528 -0.809017 0.345492
v 0.250000 -0.951057 0.181636
v 0.000000 -1.000000 0.000000
v 0.000000 1.000000 0.000000
v 0.293893 0.951057 0.095492
v 0.559017 0.809017 0.181636
v 0.769421 0.587785 0.250000
v 0.904509 0.309017 0.293893
v 0.951057 -0.000000 0.309017
v 0.904509 -0.309017 0.293893
v 0.769421 -0.587785 0.250000
v 0.559017 -0.809017 0.181636
v 0.293893 -0.951057 0.095492
v 0.000000 -1.000000 0.000000
v 0.000000 1.000000 0.000000
v 0.309017 0.951057 -0.000000
v 0.587785 0.809017 -0.000000
v 0.809017 0.587785 -0.000000
v 0.951057 0.309017 -0.000000
v 1.000000 -0.000000 -0.000000
v 0.951057 -0.309017 -0.000000
v 0.809017 -0.587785 -0.000000
v 0.587785 -0.809017 -0.000000
v 0.309017 -0.951057 -0.000000
v 0.000000 -1.000000 0.000000
v 0.000000 1.000000 0.000000
v 0.293893 0.951057 -0.095491
v 0.559017 0.809017 -0.181636
v 0.769421 0.587785 -0.250000
v 0.904509 0.309017 -0.293893
v 0.951057 -0.000000 -0.309017
v 0.904509 -0.309017 -0.293893
v 0.769421 -0.587785 -0.250000
v 0.559017 -0.809017 -0.181636
v 0.293893 -0.951057 -0.095492
v 0.000000 -1.000000 0.000000
v 0.000000 1.000000 0.000000
v 0.250000 0.951057 -0.181636
v 0.475528 0.809017 -0.345492
v 0.654509 0.587785 -0.475528
v 0.769421 0.309017 -0.559017
v 0.809017 -0.000000 -0.587785
v 0.769421 -0.309017 -0.559017
v 0.654509 -0.587785 -0.475528
v 0.475528 -0.809017 -0.345492
v 0.250000 -0.951057 -0.181636
v 0.000000 -1.000000 0.000000
v 0.000000 1.000000 0.000000
v 0.181636 0.951057 -0.250000
v 0.345491 0.809017 -0.475528
v 0.475528 0.587785 -0.654509
v 0.559017 0.309017 -0.769421
v 0.587785 -0.000000 -0.809017
v 0.559017 -0.309017 -0.769421
v 0.475528 -0.587785 -0.654509
v 0.345491 -0.809017 -0.475528
v 0.181636 -0.951057 -0.250000
v 0.000000 -1.000000 0.000000
v 0.000000 1.000000 0.000000
v 0.095492 0.951057 -0.293893
v 0.181636 0.809017 -0.559017
v 0.250000 0.587785 -0.769421
v 0.293893 0.309017 -0.904509
v 0.309017 -0.000000 -0.951057
v 0.293893 -0.309017 -0.904509
v 0.250000 -0.587785 -0.769421
v 0.181636 -0.809017 -0.559017
v 0.095492 -0.951057 -0.293893
v 0.000000 -1.000000 0.000000
v 0.000000 1.000000 0.000000
v -0.000000 0.951057 -0.309017
v -0.000000 0.809017 -0.587785
v -0.000000 0.587785 -0.809017
v -0.000000 0.309017 -0.951057
v -0.000000 -0.000000 -1.000000
v -0.000000 -0.309017 -0.951057
v -0.000000 -0.587785 -0.809017
v -0.000000 -0.809017 -0.587785
v -0.000000 -0.951057 -0.309017
v 0.000000 -1.000000 0.000000
v 0.000000 1.000000 0.000000
v -0.095492 0.951057 -0.293893
v -0.181636 0.809017 -0.559017
v -0.250000 0.587785 -0.769421
v -0.293893 0.309017 -0.904509
v -0.309017 -0.000000 -0.951057
v -0.293893 -0.309017 -0.904509
v -0.250000 -0.587785 -0.769421
v -0.181636 -0.809017 -0.559017
v -0.095492 -0.951057 -0.293893
v 0.000000 -1.000000 0.000000
v 0.000000 1.000000 0.000000
v -0.181636 0.951057 -0.250000
v -0.345491 0.809017 -0.475528
v -0.475528 0.587785 -0.654509
v -0.559017 0.309017 -0.769421
v -0.587785 -0.000000 -0.809017
v -0.559017 -0.309017 -0.769421
v -0.475528 -0.587785 -0.654509
v -0.345491 -0.809017 -0.475528
v -0.181636 -0.951057 -0.250000
v 0.000000 -1.000000 0.000000
v 0.000000 1.000000 0.000000
v -0.250000 0.951057 -0.181636
v -0.475528 0.809017 -0.345492
v -0.654509 0.587785 -0.475528
v -0.769421 0.309017 -0.559017
v -0.809017 -0.000000 -0.587785
v -0.769421 -0.309017 -0.559017
v -0.654509 -0.587785 -0.475528
v -0.475528 -0.809017 -0.345492
v -0.250000 -0.951057 -0.181636
v 0.000000 -1.000000 0.000000
v 0.000000 1.000000 0.000000
v -0.293893 0.951057 -0.095491
v -0.559017 0.809017 -0.181636
v -0.769421 0.587785 -0.250000
v -0.904509 0.309017 -0.293893
v -0.951057 -0.000000 -0.309017
v -0.904509 -0.309017 -0.293893
v -0.769421 -0.587785 -0.250000
v -0.559017 -0.809017 -0.181636
v -0.293893 -0.951057 -0.095492
v 0.000000 -1.000000 0.000000
v 0.000000 1.000000 0.000000
v -0.309017 0.951057 0.000000
v -0.587785 0.809017 0.000000
v -0.809017 0.587785 0.000000
v -0.951057 0.309017 0.000000
v -1.000000 -0.000000 0.000000
v -0.951057 -0.309017 0.000000
v -0.809017 -0.587785 0.000000
v -0.587785 -0.809017 0.000000
v -0.309017 -0.951057 0.000000
v 0.000000 -1.000000 0.000000
f 0 12 11
f 0 1 12
f 11 23 22
f 11 12 23
f 22 34 33
f 22 23 34
f 33 45 44
f 33 34 45
f 44 56 55
f 44 45 56
f 55 67 66
f 55 56 67
f 66 78 77
f 66 67 78
f 77 89 88
f 77 78 89
f 88 100 99
f 88 89 100
f 99 111 110
f 99 100 111
f 110 122 121
f 110 111 122
f 121 133 132
f 121 122 133
f 132 144 143
f 132 133 144
f 143 155 154
f 143 144 155
f 154 166 165
f 154 155 166
f 165 177 176
f 165 166 177
f 176 188 187
f 176 177 188
f 187 199 198
f 187 188 199
f 198 210 209
f 198 199 210
f 209 221 220
f 209 210 221
f 1 13 12
f 1 2 13
f 12 24 23
f 12 13 24
f 23 35 34
f 23 24 35
f 34 46 45
f 34 35 46
f 45 57 56
f 45 46 57
f 56 68 67
f 56 57 68
f 67 79 78
f 67 68 79
f 78 90 89
f 78 79 90
f 89 101 100
f 89 90 101
f 100 112 111
f 100 101 112
f 111 123 122
f 111 112 123
f 122 134 133
f 122 123 134
f 133 145 144
f 133 134 145
f 144 156 155
f 144 145 156
f 155 167 166
f 155 156 167
f 166 178 177
f 166 167 178
f 177 189 188
f 177 178 189
f 188 200 199
f 188 189 200
f 199 211 210
f 199 200 211
f 210 222 221
f 210 211 222
f 2 14 13
f 2 3 14
f 13 25 24
f 13 14 25
f 24 36 35
f 24 25 36
f 35 47 46
f 35 36 47
f 46 58 57
f 46 47 58
f 57 69 68
f 57 58 69
f 68 80 79
f 68 69 80
f 79 91 90
f 79 80 91
f 90 102 101
f 90 91 102
f 101 113 112
f 101 102 113
f 112 124 123
f 112 113 124
f 123 135 134
f 123 124 135
f 134 146 145
f 134 135 146
f 145 157 156
f 145 146 157
f 156 168 167
f 156 157 168
f 167 179 178
f 167 168 179
f 178 190 189
f 178 179 190
f 189 201 200
f 189 190 201
f 200 212 211
f 200 201 212
f 211 223 222
f 211 212 223
f 3 15 14
f 3 4 15
f 14 26 25
f 14 15 26
f 25 37 36
f 25 26 37
f 36 48 47
f 36 37 48
f 47 59 58
f 47 48 59
f 58 70 69
f 58 59 70
f 69 81 80
f 69 70 81
f 80 92 91
f 80 81 92
f 91 103 102
f 91 92 103
f 102 114 113
f 102 103 114
f 113 125 124
f 113 114 125
f 124 136 135
f 124 125 136
f 135 147 146
f 135 136 147
f 146 158 157
f 146 147 158
f 157 169 168
f 157 158 169
f 168 180 179
f 168 169 180
f 179 191 190
f 179 180 191
f 190 202 201
f 190 191 202
f 201 213 212
f 201 202 213
f 212 224 223
f 212 213 224
f 4 16 15
f 4 5 16
f 15 27 26
f 15 16 27
f 26 38 37
f 26 27 38
f 37 49 48
f 37 38 49
f 48 60 59
f 48 49 60
f 59 71 70
f 59 60 71
f 70 82 81
f 70 71 82
f 81 93 92
f 81 82 93
f 92 104 103
f 92 93 104
f 103 115 114
f 103 104 115
f 114 126 125
f 114 115 126
f 125 137 136
f 125 126 137
f 136 148 147
f 136 137 148
f 147 159 158
f 147 148 159
f 158 170 169
f 158 159 170
f 169 181 180
f 169 170 181
f 180 192 191
f 180 181 192
f 191 203 202
f 191 192 203
f 202 214 213
f 202 203 214
f 213 225 224
f 213 214 225
f 5 17 16
f 5 6 17
f 16 28 27
f 16 17 28
f 27 39 38
f 27 28 39
f 38 50 49
f 38 39 50
f 49 61 60
f 49 50 61
f 60 72 71
f 60 61 72
f 71 83 82
f 71 72 83
f 82 94 93
f 82 83 94
f 93 105 104
f 93 94 105
f 104 116 115
f 104 105 116
f 115 127 126
f 115 116 127
f 126 138 137
f 126 127 138
f 137 149 148
f 137 138 149
f 148 160 159
f 148 149 160
f 159 171 170
f 159 160 171
f 170 182 181
f 170 171 182
f 181 193 192
f 181 182 193
f 192 204 203
f 192 193 204
f 203 215 214
f 203 204 215
f 214 226 225
f 214 215 226
f 6 18 17
f 6 7 18
f 17 29 28
f 17 18 29
f 28 40 39
f 28 29 40
f 39 51 50
f 39 40 51
f 50 62 61
f 50 51 62
f 61 73 72
f 61 62 73
f 72 84 83
f 72 73 84
f 83 95 94
f 83 84 95
f 94 106 105
f 94 95 106
f 105 117 116
f 105 106 117
f 116 128 127
f 116 117 128
f 127 139 138
f 127 128 139
f 138 150 149
f 138 139 150
f 149 161 160
f 149 150 161
f 160 172 171
f 160 161 172
f 171 183 182
f 171 172 183
f 182 194 193
f 182 183 194
f 193 205 204
f 193 194 205
f 204 216 215
f 204 205 216
f 215 227 226
f 215 216 227
f 7 19 18
f 7 8 19
f 18 30 29
f 18 19 30
f 29 41 40
f 29 30 41
f 40 52 51
f 40 41 52
f 51 63 62
f 51 52 63
f 62 74 73
f 62 63 74
f 73 85 84
f 73 74 85
f 84 96 95
f 84 85 96
f 95 107 106
f 95 96 107
f 106 118 117
f 106 107 118
f 117 129 128
f 117 118 129
f 128 140 139
f 128 129 140
f 139 151 150
f 139 140 151
f 150 162 161
f 150 151 162
f 161 173 172
f 161 162 173
f 172 184 183
f 172 173 184
f 183 195 194
f 183 184 195
f 194 206 205
f 194 195 206
f 205 217 216
f 205 206 217
f 216 228 227
f 216 217 228
f 8 20 19
f 8 9 20
f 19 31 30
f 19 20 31
f 30 42 41
f 30 31 42
f 41 53 52
f 41 42 53
f 52 64 63
f 52 53 64
f 63 75 74
f 63 64 75
f 74 86 85
f 74 75 86
f 85 97 96
f 85 86 97
f 96 108 107
f 96 97 108
f 107 119 118
f 107 108 119
f 118 130 129
f 118 119 130
f 129 141 140
f 129 130 141
f 140 152 151
f 140 141 152
f 151 163 162
f 151 152 163
f 162 174 173
f 162 163 174
f 173 185 184
f 173 174 185
f 184 196 195
f 184 185 196
f 195 207 206
f 195 196 207
f 206 218 217
f 206 207 218
f 217 229 228
f 217 218 229
f 9 21 20
f 9 10 21
f 20 32 31
f 20 21 32
f 31 43 42
f 31 32 43
f 42 54 53
f 42 43 54
f 53 65 64
f 53 54 65
f 64 76 75
f 64 65 76
f 75 87 86
f 75 76 87
f 86 98 97
f 86 87 98
f 97 109 108
f 97 98 109
f 108 120 119
f 108 109 120
f 119 131 130
f 119 120 131
f 130 142 141
f 130 131 142
f 141 153 152
f 141 142 153
f 152 164 163
f 152 153 164
f 163 175 174
f 163 164 175
f 174 186 185
f 174 175 186
f 185 197 196
f 185 186 197
f 196 208 207
f 196 197 208
f 207 219 218
f 207 208 219
f 218 230 229
f 218 219 230
