v -0.577350 0.577350 0.577350
v -0.468521 0.624695 0.624695
v -0.333333 0.666667 0.666667
v -0.174078 0.696311 0.696311
v 0.000000 0.707107 0.707107
v 0.174078 0.696311 0.696311
v 0.333333 0.666667 0.666667
v 0.468521 0.624695 0.624695
v 0.577350 0.577350 0.577350
v -0.624695 0.624695 0.468521
v -0.514496 0.685994 0.514496
v -0.371391 0.742781 0.557086
v -0.196116 0.784465 0.588348
v 0.000000 0.800000 0.600000
v 0.196116 0.784465 0.588348
v 0.371391 0.742781 0.557086
v 0.514496 0.685994 0.514496
v 0.624695 0.624695 0.468521
v -0.666667 0.666667 0.333333
v -0.557086 0.742781 0.371391
v -0.408248 0.816497 0.408248
v -0.218218 0.872872 0.436436
v 0.000000 0.894427 0.447214
v 0.218218 0.872872 0.436436
v 0.408248 0.816497 0.408248
v 0.557086 0.742781 0.371391
v 0.666667 0.666667 0.333333
v -0.696311 0.696311 0.174078
v -0.588348 0.784465 0.196116
v -0.436436 0.872872 0.218218
v -0.235702 0.942809 0.235702
v 0.000000 0.970143 0.242536
v 0.235702 0.942809 0.235702
v 0.436436 0.872872 0.218218
v 0.588348 0.784465 0.196116
v 0.696311 0.696311 0.174078
v -0.707107 0.707107 0.000000
v -0.600000 0.800000 0.000000
v -0.447214 0.894427 0.000000
v -0.242536 0.970143 0.000000
v 0.000000 1.000000 0.000000
v 0.242536 0.970143 0.000000
v 0.447214 0.894427 0.000000
v 0.600000 0.800000 0.000000
v 0.707107 0.707107 0.000000
v -0.696311 0.696311 -0.174078
v -0.588348 0.784465 -0.196116
v -0.436436 0.872872 -0.218218
v -0.235702 0.942809 -0.235702
v 0.000000 0.970143 -0.242536
v 0.235702 0.942809 -0.235702
v 0.436436 0.872872 -0.218218
v 0.588348 0.784465 -0.196116
v 0.696311 0.696311 -0.174078
v -0.666667 0.666667 -0.333333
v -0.557086 0.742781 -0.371391
v -0.408248 0.816497 -0.408248
v -0.218218 0.872872 -0.436436
v 0.000000 0.894427 -0.447214
v 0.218218 0.872872 -0.436436
v 0.408248 0.816497 -0.408248
v 0.557086 0.742781 -0.371391
v 0.666667 0.666667 -0.333333
v -0.624695 0.624695 -0.468521
v -0.514496 0.685994 -0.514496
v -0.371391 0.742781 -0.557086
v -0.196116 0.784464 -0.588348
v 0.000000 0.800000 -0.600000
v 0.196116 0.784465 -0.588348
v 0.371391 0.742781 -0.557086
v 0.514496 0.685994 -0.514496
v 0.624695 0.624695 -0.468521
v -0.577350 0.577350 -0.577350
v -0.468521 0.624695 -0.624695
v -0.333333 0.666667 -0.666667
v -0.174078 0.696311 -0.696311
v 0.000000 0.707107 -0.707107
v 0.174078 0.696311 -0.696311
v 0.333333 0.666667 -0.666667
v 0.468521 0.624695 -0.624695
v 0.577350 0.577350 -0.577350
v -0.577350 -0.577350 0.577350
v -0.624695 -0.468521 0.624695
v -0.666667 -0.333333 0.666667
v -0.696311 -0.174078 0.696311
v -0.707107 -0.000000 0.707107
v -0.696311 0.174078 0.696311
v -0.666667 0.333333 0.666667
v -0.624695 0.468521 0.624695
v -0.577350 0.577350 0.577350
v -0.624695 -0.624695 0.468521
v -0.685994 -0.514496 0.514496
v -0.742781 -0.371391 0.557086
v -0.784465 -0.196116 0.588348
v -0.800000 -0.000000 0.600000
v -0.784465 0.196116 0.588348
v -0.742781 0.371391 0.557086
v -0.685994 0.514496 0.514496
v -0.624695 0.624695 0.468521
v -0.666667 -0.666667 0.333333
v -0.742781 -0.557086 0.371391
v -0.816497 -0.408248 0.408248
v -0.872872 -0.218218 0.436436
v -0.894427 -0.000000 0.447214
v -0.872872 0.218218 0.436436
v -0.816497 0.408248 0.408248
v -0.742781 0.557086 0.371391
v -0.666667 0.666667 0.333333
v -0.696311 -0.696311 0.174078
v -0.784465 -0.588349 0.196116
v -0.872872 -0.436436 0.218218
v -0.942809 -0.235702 0.235702
v -0.970143 -0.000000 0.242536
v -0.942809 0.235702 0.235702
v -0.872872 0.436436 0.218218
v -0.784465 0.588348 0.196116
v -0.696311 0.696311 0.174078
v -0.707107 -0.707107 0.000000
v -0.800000 -0.600000 0.000000
v -0.894427 -0.447214 0.000000
v -0.970143 -0.242536 0.000000
v -1.000000 -0.000000 0.000000
v -0.970143 0.242536 0.000000
v -0.894427 0.447214 0.000000
v -0.800000 0.600000 0.000000
v -0.707107 0.707107 0.000000
v -0.696311 -0.696311 -0.174078
v -0.784465 -0.588349 -0.196116
v -0.872872 -0.436436 -0.218218
v -0.942809 -0.235702 -0.235702
v -0.970143 -0.000000 -0.242536
v -0.942809 0.235702 -0.235702
v -0.872872 0.436436 -0.218218
v -0.784465 0.588348 -0.196116
v -0.696311 0.696311 -0.174078
v -0.666667 -0.666667 -0.333333
v -0.742781 -0.557086 -0.371391
v -0.816497 -0.408248 -0.408248
v -0.872872 -0.218218 -0.436436
v -0.894427 -0.000000 -0.447214
v -0.872872 0.218218 -0.436436
v -0.816497 0.408248 -0.408248
v -0.742781 0.557086 -0.371391
v -0.666667 0.666667 -0.333333
v -0.624695 -0.624695 -0.468521
v -0.685994 -0.514496 -0.514496
v -0.742781 -0.371391 -0.557086
v -0.784464 -0.196116 -0.588348
v -0.800000 -0.000000 -0.600000
v -0.784465 0.196116 -0.588348
v -0.742781 0.371391 -0.557086
v -0.685994 0.514496 -0.514496
v -0.624695 0.624695 -0.468521
v -0.577350 -0.577350 -0.577350
v -0.624695 -0.468521 -0.624695
v -0.666667 -0.333333 -0.666667
v -0.696311 -0.174078 -0.696311
v -0.707107 -0.000000 -0.707107
v -0.696311 0.174078 -0.696311
v -0.666667 0.333333 -0.666667
v -0.624695 0.468521 -0.624695
v -0.577350 0.577350 -0.577350
v 0.577350 -0.577350 0.577350
v 0.468521 -0.624695 0.624695
v 0.333333 -0.666667 0.666667
v 0.174078 -0.696311 0.696311
v 0.000000 -0.707107 0.707107
v -0.174078 -0.696311 0.696311
v -0.333333 -0.666667 0.666667
v -0.468521 -0.624695 0.624695
v -0.577350 -0.577350 0.577350
v 0.624695 -0.624695 0.468521
v 0.514496 -0.685994 0.514496
v 0.371391 -0.742781 0.557086
v 0.196116 -0.784465 0.588348
v 0.000000 -0.800000 0.600000
v -0.196116 -0.784465 0.588348
v -0.371391 -0.742781 0.557086
v -0.514496 -0.685994 0.514496
v -0.624695 -0.624695 0.468521
v 0.666667 -0.666667 0.333333
v 0.557086 -0.742781 0.371391
v 0.408248 -0.816497 0.408248
v 0.218218 -0.872872 0.436436
v 0.000000 -0.894427 0.447214
v -0.218218 -0.872872 0.436436
v -0.408248 -0.816497 0.408248
v -0.557086 -0.742781 0.371391
v -0.666667 -0.666667 0.333333
v 0.696311 -0.696311 0.174078
v 0.588349 -0.784464 0.196116
v 0.436436 -0.872872 0.218218
v 0.235702 -0.942809 0.235702
v 0.000000 -0.970143 0.242536
v -0.235702 -0.942809 0.235702
v -0.436436 -0.872872 0.218218
v -0.588348 -0.784465 0.196116
v -0.696311 -0.696311 0.174078
v 0.707107 -0.707107 0.000000
v 0.600000 -0.800000 0.000000
v 0.447214 -0.894427 0.000000
v 0.242536 -0.970143 0.000000
v 0.000000 -1.000000 0.000000
v -0.242536 -0.970143 0.000000
v -0.447214 -0.894427 0.000000
v -0.600000 -0.800000 0.000000
v -0.707107 -0.707107 0.000000
v 0.696311 -0.696311 -0.174078
v 0.588349 -0.784464 -0.196116
v 0.436436 -0.872872 -0.218218
v 0.235702 -0.942809 -0.235702
v 0.000000 -0.970143 -0.242536
v -0.235702 -0.942809 -0.235702
v -0.436436 -0.872872 -0.218218
v -0.588348 -0.784465 -0.196116
v -0.696311 -0.696311 -0.174078
v 0.666667 -0.666667 -0.333333
v 0.557086 -0.742781 -0.371391
v 0.408248 -0.816497 -0.408248
v 0.218218 -0.872872 -0.436436
v 0.000000 -0.894427 -0.447214
v -0.218218 -0.872872 -0.436436
v -0.408248 -0.816497 -0.408248
v -0.557086 -0.742781 -0.371391
v -0.666667 -0.666667 -0.333333
v 0.624695 -0.624695 -0.468521
v 0.514496 -0.685994 -0.514496
v 0.371391 -0.742781 -0.557086
v 0.196116 -0.784464 -0.588348
v 0.000000 -0.800000 -0.600000
v -0.196116 -0.784465 -0.588348
v -0.371391 -0.742781 -0.557086
v -0.514496 -0.685994 -0.514496
v -0.624695 -0.624695 -0.468521
v 0.577350 -0.577350 -0.577350
v 0.468521 -0.624695 -0.624695
v 0.333333 -0.666667 -0.666667
v 0.174078 -0.696311 -0.696311
v 0.000000 -0.707107 -0.707107
v -0.174078 -0.696311 -0.696311
v -0.333333 -0.666667 -0.666667
v -0.468521 -0.624695 -0.624695
v -0.577350 -0.577350 -0.577350
v 0.577350 0.577350 0.577350
v 0.624695 0.468521 0.624695
v 0.666667 0.333333 0.666667
v 0.696311 0.174078 0.696311
v 0.707107 0.000000 0.707107
v 0.696311 -0.174078 0.696311
v 0.666667 -0.333333 0.666667
v 0.624695 -0.468521 0.624695
v 0.577350 -0.577350 0.577350
v 0.624695 0.624695 0.468521
v 0.685994 0.514496 0.514496
v 0.742781 0.371391 0.557086
v 0.784465 0.196116 0.588348
v 0.800000 0.000000 0.600000
v 0.784465 -0.196116 0.588348
v 0.742781 -0.371391 0.557086
v 0.685994 -0.514496 0.514496
v 0.624695 -0.624695 0.468521
v 0.666667 0.666667 0.333333
v 0.742781 0.557086 0.371391
v 0.816497 0.408248 0.408248
v 0.872872 0.218218 0.436436
v 0.894427 0.000000 0.447214
v 0.872872 -0.218218 0.436436
v 0.816497 -0.408248 0.408248
v 0.742781 -0.557086 0.371391
v 0.666667 -0.666667 0.333333
v 0.696311 0.696311 0.174078
v 0.784465 0.588348 0.196116
v 0.872872 0.436436 0.218218
v 0.942809 0.235702 0.235702
v 0.970143 0.000000 0.242536
v 0.942809 -0.235702 0.235702
v 0.872872 -0.436436 0.218218
v 0.784465 -0.588348 0.196116
v 0.696311 -0.696311 0.174078
v 0.707107 0.707107 0.000000
v 0.800000 0.600000 0.000000
v 0.894427 0.447214 0.000000
v 0.970143 0.242536 0.000000
v 1.000000 0.000000 0.000000
v 0.970143 -0.242536 0.000000
v 0.894427 -0.447214 0.000000
v 0.800000 -0.600000 0.000000
v 0.707107 -0.707107 0.000000
v 0.696311 0.696311 -0.174078
v 0.784465 0.588348 -0.196116
v 0.872872 0.436436 -0.218218
v 0.942809 0.235702 -0.235702
v 0.970143 0.000000 -0.242536
v 0.942809 -0.235702 -0.235702
v 0.872872 -0.436436 -0.218218
v 0.784465 -0.588348 -0.196116
v 0.696311 -0.696311 -0.174078
v 0.666667 0.666667 -0.333333
v 0.742781 0.557086 -0.371391
v 0.816497 0.408248 -0.408248
v 0.872872 0.218218 -0.436436
v 0.894427 0.000000 -0.447214
v 0.872872 -0.218218 -0.436436
v 0.816497 -0.408248 -0.408248
v 0.742781 -0.557086 -0.371391
v 0.666667 -0.666667 -0.333333
v 0.624695 0.624695 -0.468521
v 0.685994 0.514496 -0.514496
v 0.742781 0.371391 -0.557086
v 0.784464 0.196116 -0.588348
v 0.800000 0.000000 -0.600000
v 0.784465 -0.196116 -0.588348
v 0.742781 -0.371391 -0.557086
v 0.685994 -0.514496 -0.514496
v 0.624695 -0.624695 -0.468521
v 0.577350 0.577350 -0.577350
v 0.624695 0.468521 -0.624695
v 0.666667 0.333333 -0.666667
v 0.696311 0.174078 -0.696311
v 0.707107 0.000000 -0.707107
v 0.696311 -0.174078 -0.696311
v 0.666667 -0.333333 -0.666667
v 0.624695 -0.468521 -0.624695
v 0.577350 -0.577350 -0.577350
v -0.577350 0.577350 -0.577350
v -0.468521 0.624695 -0.624695
v -0.333333 0.666667 -0.666667
v -0.174078 0.696311 -0.696311
v 0.000000 0.707107 -0.707107
v 0.174078 0.696311 -0.696311
v 0.333333 0.666667 -0.666667
v 0.468521 0.624695 -0.624695
v 0.577350 0.577350 -0.577350
v -0.624695 0.468521 -0.624695
v -0.514496 0.514496 -0.685994
v -0.371391 0.557086 -0.742781
v -0.196116 0.588348 -0.784465
v 0.000000 0.600000 -0.800000
v 0.196116 0.588348 -0.784465
v 0.371391 0.557086 -0.742781
v 0.514496 0.514496 -0.685994
v 0.624695 0.468521 -0.624695
v -0.666667 0.333333 -0.666667
v -0.557086 0.371391 -0.742781
v -0.408248 0.408248 -0.816497
v -0.218218 0.436436 -0.872872
v 0.000000 0.447214 -0.894427
v 0.218218 0.436436 -0.872872
v 0.408248 0.408248 -0.816497
v 0.557086 0.371391 -0.742781
v 0.666667 0.333333 -0.666667
v -0.696311 0.174078 -0.696311
v -0.588348 0.196116 -0.784465
v -0.436436 0.218218 -0.872872
v -0.235702 0.235702 -0.942809
v 0.000000 0.242536 -0.970143
v 0.235702 0.235702 -0.942809
v 0.436436 0.218218 -0.872872
v 0.588348 0.196116 -0.784465
v 0.696311 0.174078 -0.696311
v -0.707107 -0.000000 -0.707107
v -0.600000 -0.000000 -0.800000
v -0.447214 -0.000000 -0.894427
v -0.242536 -0.000000 -0.970143
v 0.000000 -0.000000 -1.000000
v 0.242536 -0.000000 -0.970143
v 0.447214 -0.000000 -0.894427
v 0.600000 -0.000000 -0.800000
v 0.707107 -0.000000 -0.707107
v -0.696311 -0.174078 -0.696311
v -0.588348 -0.196116 -0.784465
v -0.436436 -0.218218 -0.872872
v -0.235702 -0.235702 -0.942809
v 0.000000 -0.242536 -0.970143
v 0.235702 -0.235702 -0.942809
v 0.436436 -0.218218 -0.872872
v 0.588348 -0.196116 -0.784465
v 0.696311 -0.174078 -0.696311
v -0.666667 -0.333333 -0.666667
v -0.557086 -0.371391 -0.742781
v -0.408248 -0.408248 -0.816497
v -0.218218 -0.436436 -0.872872
v 0.000000 -0.447214 -0.894427
v 0.218218 -0.436436 -0.872872
v 0.408248 -0.408248 -0.816497
v 0.557086 -0.371391 -0.742781
v 0.666667 -0.333333 -0.666667
v -0.624695 -0.468521 -0.624695
v -0.514496 -0.514496 -0.685994
v -0.371391 -0.557086 -0.742781
v -0.196116 -0.588348 -0.784464
v 0.000000 -0.600000 -0.800000
v 0.196116 -0.588349 -0.784465
v 0.371391 -0.557086 -0.742781
v 0.514496 -0.514496 -0.685994
v 0.624695 -0.468521 -0.624695
v -0.577350 -0.577350 -0.577350
v -0.468521 -0.624695 -0.624695
v -0.333333 -0.666667 -0.666667
v -0.174078 -0.696311 -0.696311
v 0.000000 -0.707107 -0.707107
v 0.174078 -0.696311 -0.696311
v 0.333333 -0.666667 -0.666667
v 0.468521 -0.624695 -0.624695
v 0.577350 -0.577350 -0.577350
v -0.577350 -0.577350 0.577350
v -0.468521 -0.624695 0.624695
v -0.333333 -0.666667 0.666667
v -0.174078 -0.696311 0.696311
v 0.000000 -0.707107 0.707107
v 0.174078 -0.696311 0.696311
v 0.333333 -0.666667 0.666667
v 0.468521 -0.624695 0.624695
v 0.577350 -0.577350 0.577350
v -0.624695 -0.468521 0.624695
v -0.514496 -0.514496 0.685994
v -0.371391 -0.557086 0.742781
v -0.196116 -0.588349 0.784465
v 0.000000 -0.600000 0.800000
v 0.196116 -0.588349 0.784465
v 0.371391 -0.557086 0.742781
v 0.514496 -0.514496 0.685994
v 0.624695 -0.468521 0.624695
v -0.666667 -0.333333 0.666667
v -0.557086 -0.371391 0.742781
v -0.408248 -0.408248 0.816497
v -0.218218 -0.436436 0.872872
v 0.000000 -0.447214 0.894427
v 0.218218 -0.436436 0.872872
v 0.408248 -0.408248 0.816497
v 0.557086 -0.371391 0.742781
v 0.666667 -0.333333 0.666667
v -0.696311 -0.174078 0.696311
v -0.588348 -0.196116 0.784465
v -0.436436 -0.218218 0.872872
v -0.235702 -0.235702 0.942809
v 0.000000 -0.242536 0.970143
v 0.235702 -0.235702 0.942809
v 0.436436 -0.218218 0.872872
v 0.588348 -0.196116 0.784465
v 0.696311 -0.174078 0.696311
v -0.707107 -0.000000 0.707107
v -0.600000 -0.000000 0.800000
v -0.447214 -0.000000 0.894427
v -0.242536 -0.000000 0.970143
v 0.000000 -0.000000 1.000000
v 0.242536 -0.000000 0.970143
v 0.447214 -0.000000 0.894427
v 0.600000 -0.000000 0.800000
v 0.707107 -0.000000 0.707107
v -0.696311 0.174078 0.696311
v -0.588348 0.196116 0.784465
v -0.436436 0.218218 0.872872
v -0.235702 0.235702 0.942809
v 0.000000 0.242536 0.970143
v 0.235702 0.235702 0.942809
v 0.436436 0.218218 0.872872
v 0.588348 0.196116 0.784465
v 0.696311 0.174078 0.696311
v -0.666667 0.333333 0.666667
v -0.557086 0.371391 0.742781
v -0.408248 0.408248 0.816497
v -0.218218 0.436436 0.872872
v 0.000000 0.447214 0.894427
v 0.218218 0.436436 0.872872
v 0.408248 0.408248 0.816497
v 0.557086 0.371391 0.742781
v 0.666667 0.333333 0.666667
v -0.624695 0.468521 0.624695
v -0.514496 0.514496 0.685994
v -0.371391 0.557086 0.742781
v -0.196116 0.588348 0.784464
v 0.000000 0.600000 0.800000
v 0.196116 0.588348 0.784465
v 0.371391 0.557086 0.742781
v 0.514496 0.514496 0.685994
v 0.624695 0.468521 0.624695
v -0.577350 0.577350 0.577350
v -0.468521 0.624695 0.624695
v -0.333333 0.666667 0.666667
v -0.174078 0.696311 0.696311
v 0.000000 0.707107 0.707107
v 0.174078 0.696311 0.696311
v 0.333333 0.666667 0.666667
v 0.468521 0.624695 0.624695
v 0.577350 0.577350 0.577350
f 0 1 10
f 0 10 9
f 1 2 11
f 1 11 10
f 2 3 12
f 2 12 11
f 3 4 13
f 3 13 12
f 4 5 14
f 4 14 13
f 5 6 15
f 5 15 14
f 6 7 16
f 6 16 15
f 7 8 17
f 7 17 16
f 9 10 19
f 9 19 18
f 10 11 20
f 10 20 19
f 11 12 21
f 11 21 20
f 12 13 22
f 12 22 21
f 13 14 23
f 13 23 22
f 14 15 24
f 14 24 23
f 15 16 25
f 15 25 24
f 16 17 26
f 16 26 25
f 18 19 28
f 18 28 27
f 19 20 29
f 19 29 28
f 20 21 30
f 20 30 29
f 21 22 31
f 21 31 30
f 22 23 32
f 22 32 31
f 23 24 33
f 23 33 32
f 24 25 34
f 24 34 33
f 25 26 35
f 25 35 34
f 27 28 37
f 27 37 36
f 28 29 38
f 28 38 37
f 29 30 39
f 29 39 38
f 30 31 40
f 30 40 39
f 31 32 41
f 31 41 40
f 32 33 42
f 32 42 41
f 33 34 43
f 33 43 42
f 34 35 44
f 34 44 43
f 36 37 46
f 36 46 45
f 37 38 47
f 37 47 46
f 38 39 48
f 38 48 47
f 39 40 49
f 39 49 48
f 40 41 50
f 40 50 49
f 41 42 51
f 41 51 50
f 42 43 52
f 42 52 51
f 43 44 53
f 43 53 52
f 45 46 55
f 45 55 54
f 46 47 56
f 46 56 55
f 47 48 57
f 47 57 56
f 48 49 58
f 48 58 57
f 49 50 59
f 49 59 58
f 50 51 60
f 50 60 59
f 51 52 61
f 51 61 60
f 52 53 62
f 52 62 61
f 54 55 64
f 54 64 63
f 55 56 65
f 55 65 64
f 56 57 66
f 56 66 65
f 57 58 67
f 57 67 66
f 58 59 68
f 58 68 67
f 59 60 69
f 59 69 68
f 60 61 70
f 60 70 69
f 61 62 71
f 61 71 70
f 63 64 73
f 63 73 72
f 64 65 74
f 64 74 73
f 65 66 75
f 65 75 74
f 66 67 76
f 66 76 75
f 67 68 77
f 67 77 76
f 68 69 78
f 68 78 77
f 69 70 79
f 69 79 78
f 70 71 80
f 70 80 79
f 81 82 91
f 81 91 90
f 82 83 92
f 82 92 91
f 83 84 93
f 83 93 92
f 84 85 94
f 84 94 93
f 85 86 95
f 85 95 94
f 86 87 96
f 86 96 95
f 87 88 97
f 87 97 96
f 88 89 98
f 88 98 97
f 90 91 100
f 90 100 99
f 91 92 101
f 91 101 100
f 92 93 102
f 92 102 101
f 93 94 103
f 93 103 102
f 94 95 104
f 94 104 103
f 95 96 105
f 95 105 104
f 96 97 106
f 96 106 105
f 97 98 107
f 97 107 106
f 99 100 109
f 99 109 108
f 100 101 110
f 100 110 109
f 101 102 111
f 101 111 110
f 102 103 112
f 102 112 111
f 103 104 113
f 103 113 112
f 104 105 114
f 104 114 113
f 105 106 115
f 105 115 114
f 106 107 116
f 106 116 115
f 108 109 118
f 108 118 117
f 109 110 119
f 109 119 118
f 110 111 120
f 110 120 119
f 111 112 121
f 111 121 120
f 112 113 122
f 112 122 121
f 113 114 123
f 113 123 122
f 114 115 124
f 114 124 123
f 115 116 125
f 115 125 124
f 117 118 127
f 117 127 126
f 118 119 128
f 118 128 127
f 119 120 129
f 119 129 128
f 120 121 130
f 120 130 129
f 121 122 131
f 121 131 130
f 122 123 132
f 122 132 131
f 123 124 133
f 123 133 132
f 124 125 134
f 124 134 133
f 126 127 136
f 126 136 135
f 127 128 137
f 127 137 136
f 128 129 138
f 128 138 137
f 129 130 139
f 129 139 138
f 130 131 140
f 130 140 139
f 131 132 141
f 131 141 140
f 132 133 142
f 132 142 141
f 133 134 143
f 133 143 142
f 135 136 145
f 135 145 144
f 136 137 146
f 136 146 145
f 137 138 147
f 137 147 146
f 138 139 148
f 138 148 147
f 139 140 149
f 139 149 148
f 140 141 150
f 140 150 149
f 141 142 151
f 141 151 150
f 142 143 152
f 142 152 151
f 144 145 154
f 144 154 153
f 145 146 155
f 145 155 154
f 146 147 156
f 146 156 155
f 147 148 157
f 147 157 156
f 148 149 158
f 148 158 157
f 149 150 159
f 149 159 158
f 150 151 160
f 150 160 159
f 151 152 161
f 151 161 160
f 162 163 172
f 162 172 171
f 163 164 173
f 163 173 172
f 164 165 174
f 164 174 173
f 165 166 175
f 165 175 174
f 166 167 176
f 166 176 175
f 167 168 177
f 167 177 176
f 168 169 178
f 168 178 177
f 169 170 179
f 169 179 178
f 171 172 181
f 171 181 180
f 172 173 182
f 172 182 181
f 173 174 183
f 173 183 182
f 174 175 184
f 174 184 183
f 175 176 185
f 175 185 184
f 176 177 186
f 176 186 185
f 177 178 187
f 177 187 186
f 178 179 188
f 178 188 187
f 180 181 190
f 180 190 189
f 181 182 191
f 181 191 190
f 182 183 192
f 182 192 191
f 183 184 193
f 183 193 192
f 184 185 194
f 184 194 193
f 185 186 195
f 185 195 194
f 186 187 196
f 186 196 195
f 187 188 197
f 187 197 196
f 189 190 199
f 189 199 198
f 190 191 200
f 190 200 199
f 191 192 201
f 191 201 200
f 192 193 202
f 192 202 201
f 193 194 203
f 193 203 202
f 194 195 204
f 194 204 203
f 195 196 205
f 195 205 204
f 196 197 206
f 196 206 205
f 198 199 208
f 198 208 207
f 199 200 209
f 199 209 208
f 200 201 210
f 200 210 209
f 201 202 211
f 201 211 210
f 202 203 212
f 202 212 211
f 203 204 213
f 203 213 212
f 204 205 214
f 204 214 213
f 205 206 215
f 205 215 214
f 207 208 217
f 207 217 216
f 208 209 218
f 208 218 217
f 209 210 219
f 209 219 218
f 210 211 220
f 210 220 219
f 211 212 221
f 211 221 220
f 212 213 222
f 212 222 221
f 213 214 223
f 213 223 222
f 214 215 224
f 214 224 223
f 216 217 226
f 216 226 225
f 217 218 227
f 217 227 226
f 218 219 228
f 218 228 227
f 219 220 229
f 219 229 228
f 220 221 230
f 220 230 229
f 221 222 231
f 221 231 230
f 222 223 232
f 222 232 231
f 223 224 233
f 223 233 232
f 225 226 235
f 225 235 234
f 226 227 236
f 226 236 235
f 227 228 237
f 227 237 236
f 228 229 238
f 228 238 237
f 229 230 239
f 229 239 238
f 230 231 240
f 230 240 239
f 231 232 241
f 231 241 240
f 232 233 242
f 232 242 241
f 243 244 253
f 243 253 252
f 244 245 254
f 244 254 253
f 245 246 255
f 245 255 254
f 246 247 256
f 246 256 255
f 247 248 257
f 247 257 256
f 248 249 258
f 248 258 257
f 249 250 259
f 249 259 258
f 250 251 260
f 250 260 259
f 252 253 262
f 252 262 261
f 253 254 263
f 253 263 262
f 254 255 264
f 254 264 263
f 255 256 265
f 255 265 264
f 256 257 266
f 256 266 265
f 257 258 267
f 257 267 266
f 258 259 268
f 258 268 267
f 259 260 269
f 259 269 268
f 261 262 271
f 261 271 270
f 262 263 272
f 262 272 271
f 263 264 273
f 263 273 272
f 264 265 274
f 264 274 273
f 265 266 275
f 265 275 274
f 266 267 276
f 266 276 275
f 267 268 277
f 267 277 276
f 268 269 278
f 268 278 277
f 270 271 280
f 270 280 279
f 271 272 281
f 271 281 280
f 272 273 282
f 272 282 281
f 273 274 283
f 273 283 282
f 274 275 284
f 274 284 283
f 275 276 285
f 275 285 284
f 276 277 286
f 276 286 285
f 277 278 287
f 277 287 286
f 279 280 289
f 279 289 288
f 280 281 290
f 280 290 289
f 281 282 291
f 281 291 290
f 282 283 292
f 282 292 291
f 283 284 293
f 283 293 292
f 284 285 294
f 284 294 293
f 285 286 295
f 285 295 294
f 286 287 296
f 286 296 295
f 288 289 298
f 288 298 297
f 289 290 299
f 289 299 298
f 290 291 300
f 290 300 299
f 291 292 301
f 291 301 300
f 292 293 302
f 292 302 301
f 293 294 303
f 293 303 302
f 294 295 304
f 294 304 303
f 295 296 305
f 295 305 304
f 297 298 307
f 297 307 306
f 298 299 308
f 298 308 307
f 299 300 309
f 299 309 308
f 300 301 310
f 300 310 309
f 301 302 311
f 301 311 310
f 302 303 312
f 302 312 311
f 303 304 313
f 303 313 312
f 304 305 314
f 304 314 313
f 306 307 316
f 306 316 315
f 307 308 317
f 307 317 316
f 308 309 318
f 308 318 317
f 309 310 319
f 309 319 318
f 310 311 320
f 310 320 319
f 311 312 321
f 311 321 320
f 312 313 322
f 312 322 321
f 313 314 323
f 313 323 322
f 324 325 334
f 324 334 333
f 325 326 335
f 325 335 334
f 326 327 336
f 326 336 335
f 327 328 337
f 327 337 336
f 328 329 338
f 328 338 337
f 329 330 339
f 329 339 338
f 330 331 340
f 330 340 339
f 331 332 341
f 331 341 340
f 333 334 343
f 333 343 342
f 334 335 344
f 334 344 343
f 335 336 345
f 335 345 344
f 336 337 346
f 336 346 345
f 337 338 347
f 337 347 346
f 338 339 348
f 338 348 347
f 339 340 349
f 339 349 348
f 340 341 350
f 340 350 349
f 342 343 352
f 342 352 351
f 343 344 353
f 343 353 352
f 344 345 354
f 344 354 353
f 345 346 355
f 345 355 354
f 346 347 356
f 346 356 355
f 347 348 357
f 347 357 356
f 348 349 358
f 348 358 357
f 349 350 359
f 349 359 358
f 351 352 361
f 351 361 360
f 352 353 362
f 352 362 361
f 353 354 363
f 353 363 362
f 354 355 364
f 354 364 363
f 355 356 365
f 355 365 364
f 356 357 366
f 356 366 365
f 357 358 367
f 357 367 366
f 358 359 368
f 358 368 367
f 360 361 370
f 360 370 369
f 361 362 371
f 361 371 370
f 362 363 372
f 362 372 371
f 363 364 373
f 363 373 372
f 364 365 374
f 364 374 373
f 365 366 375
f 365 375 374
f 366 367 376
f 366 376 375
f 367 368 377
f 367 377 376
f 369 370 379
f 369 379 378
f 370 371 380
f 370 380 379
f 371 372 381
f 371 381 380
f 372 373 382
f 372 382 381
f 373 374 383
f 373 383 382
f 374 375 384
f 374 384 383
f 375 376 385
f 375 385 384
f 376 377 386
f 376 386 385
f 378 379 388
f 378 388 387
f 379 380 389
f 379 389 388
f 380 381 390
f 380 390 389
f 381 382 391
f 381 391 390
f 382 383 392
f 382 392 391
f 383 384 393
f 383 393 392
f 384 385 394
f 384 394 393
f 385 386 395
f 385 395 394
f 387 388 397
f 387 397 396
f 388 389 398
f 388 398 397
f 389 390 399
f 389 399 398
f 390 391 400
f 390 400 399
f 391 392 401
f 391 401 400
f 392 393 402
f 392 402 401
f 393 394 403
f 393 403 402
f 394 395 404
f 394 404 403
f 405 406 415
f 405 415 414
f 406 407 416
f 406 416 415
f 407 408 417
f 407 417 416
f 408 409 418
f 408 418 417
f 409 410 419
f 409 419 418
f 410 411 420
f 410 420 419
f 411 412 421
f 411 421 420
f 412 413 422
f 412 422 421
f 414 415 424
f 414 424 423
f 415 416 425
f 415 425 424
f 416 417 426
f 416 426 425
f 417 418 427
f 417 427 426
f 418 419 428
f 418 428 427
f 419 420 429
f 419 429 428
f 420 421 430
f 420 430 429
f 421 422 431
f 421 431 430
f 423 424 433
f 423 433 432
f 424 425 434
f 424 434 433
f 425 426 435
f 425 435 434
f 426 427 436
f 426 436 435
f 427 428 437
f 427 437 436
f 428 429 438
f 428 438 437
f 429 430 439
f 429 439 438
f 430 431 440
f 430 440 439
f 432 433 442
f 432 442 441
f 433 434 443
f 433 443 442
f 434 435 444
f 434 444 443
f 435 436 445
f 435 445 444
f 436 437 446
f 436 446 445
f 437 438 447
f 437 447 446
f 438 439 448
f 438 448 447
f 439 440 449
f 439 449 448
f 441 442 451
f 441 451 450
f 442 443 452
f 442 452 451
f 443 444 453
f 443 453 452
f 444 445 454
f 444 454 453
f 445 446 455
f 445 455 454
f 446 447 456
f 446 456 455
f 447 448 457
f 447 457 456
f 448 449 458
f 448 458 457
f 450 451 460
f 450 460 459
f 451 452 461
f 451 461 460
f 452 453 462
f 452 462 461
f 453 454 463
f 453 463 462
f 454 455 464
f 454 464 463
f 455 456 465
f 455 465 464
f 456 457 466
f 456 466 465
f 457 458 467
f 457 467 466
f 459 460 469
f 459 469 468
f 460 461 470
f 460 470 469
f 461 462 471
f 461 471 470
f 462 463 472
f 462 472 471
f 463 464 473
f 463 473 472
f 464 465 474
f 464 474 473
f 465 466 475
f 465 475 474
f 466 467 476
f 466 476 475
f 468 469 478
f 468 478 477
f 469 470 479
f 469 479 478
f 470 471 480
f 470 480 479
f 471 472 481
f 471 481 480
f 472 473 482
f 472 482 481
f 473 474 483
f 473 483 482
f 474 475 484
f 474 484 483
f 475 476 485
f 475 485 484
