v 0.000000 1.000000 0.000000
v 0.084444 0.961938 -0.259892
v 0.273266 0.961938 0.000000
v 0.084444 0.961938 -0.259892
v 0.162460 0.850651 -0.500000
v 0.361803 0.894427 -0.262866
v 0.273266 0.961938 0.000000
v 0.084444 0.961938 -0.259892
v 0.361803 0.894427 -0.262866
v 0.273266 0.961938 0.000000
v 0.361803 0.894427 -0.262866
v 0.525731 0.850651 0.000000
v 0.162460 0.850651 -0.500000
v 0.228109 0.674609 -0.702046
v 0.447214 0.723607 -0.525731
v 0.228109 0.674609 -0.702046
v 0.276393 0.447214 -0.850651
v 0.501375 0.505721 -0.702046
v 0.447214 0.723607 -0.525731
v 0.228109 0.674609 -0.702046
v 0.501375 0.505721 -0.702046
v 0.447214 0.723607 -0.525731
v 0.501375 0.505721 -0.702046
v 0.688191 0.525731 -0.500000
v 0.525731 0.850651 0.000000
v 0.361803 0.894427 -0.262866
v 0.638197 0.723607 -0.262866
v 0.361803 0.894427 -0.262866
v 0.162460 0.850651 -0.500000
v 0.447214 0.723607 -0.525731
v 0.638197 0.723607 -0.262866
v 0.361803 0.894427 -0.262866
v 0.447214 0.723607 -0.525731
v 0.638197 0.723607 -0.262866
v 0.447214 0.723607 -0.525731
v 0.688191 0.525731 -0.500000
v 0.525731 0.850651 0.000000
v 0.638197 0.723607 -0.262866
v 0.738175 0.674609 0.000000
v 0.638197 0.723607 -0.262866
v 0.688191 0.525731 -0.500000
v 0.822619 0.505721 -0.259892
v 0.738175 0.674609 0.000000
v 0.638197 0.723607 -0.262866
v 0.822619 0.505721 -0.259892
v 0.738175 0.674609 0.000000
v 0.822619 0.505721 -0.259892
v 0.894427 0.447214 0.000000
v 0.000000 1.000000 0.000000
v -0.221077 0.961938 -0.160622
v 0.084444 0.961938 -0.259892
v -0.221077 0.961938 -0.160622
v -0.425325 0.850651 -0.309017
v -0.138197 0.894427 -0.425325
v 0.084444 0.961938 -0.259892
v -0.221077 0.961938 -0.160622
v -0.138197 0.894427 -0.425325
v 0.084444 0.961938 -0.259892
v -0.138197 0.894427 -0.425325
v 0.162460 0.850651 -0.500000
v -0.425325 0.850651 -0.309017
v -0.597196 0.674609 -0.433889
v -0.361803 0.723607 -0.587785
v -0.597196 0.674609 -0.433889
v -0.723607 0.447214 -0.525731
v -0.512752 0.505721 -0.693780
v -0.361803 0.723607 -0.587785
v -0.597196 0.674609 -0.433889
v -0.512752 0.505721 -0.693780
v -0.361803 0.723607 -0.587785
v -0.512752 0.505721 -0.693780
v -0.262866 0.525731 -0.809017
v 0.162460 0.850651 -0.500000
v -0.138197 0.894427 -0.425325
v -0.052786 0.723607 -0.688191
v -0.138197 0.894427 -0.425325
v -0.425325 0.850651 -0.309017
v -0.361803 0.723607 -0.587785
v -0.052786 0.723607 -0.688191
v -0.138197 0.894427 -0.425325
v -0.361803 0.723607 -0.587785
v -0.052786 0.723607 -0.688191
v -0.361803 0.723607 -0.587785
v -0.262866 0.525731 -0.809017
v 0.162460 0.850651 -0.500000
v -0.052786 0.723607 -0.688191
v 0.228109 0.674609 -0.702046
v -0.052786 0.723607 -0.688191
v -0.262866 0.525731 -0.809017
v 0.007031 0.505721 -0.862668
v 0.228109 0.674609 -0.702046
v -0.052786 0.723607 -0.688191
v 0.007031 0.505721 -0.862668
v 0.228109 0.674609 -0.702046
v 0.007031 0.505721 -0.862668
v 0.276393 0.447214 -0.850651
v 0.000000 1.000000 0.000000
v -0.221077 0.961938 0.160622
v -0.221077 0.961938 -0.160622
v -0.221077 0.961938 0.160622
v -0.425325 0.850651 0.309017
v -0.447214 0.894427 0.000000
v -0.221077 0.961938 -0.160622
v -0.221077 0.961938 0.160622
v -0.447214 0.894427 0.000000
v -0.221077 0.961938 -0.160622
v -0.447214 0.894427 0.000000
v -0.425325 0.850651 -0.309017
v -0.425325 0.850651 0.309017
v -0.597196 0.674609 0.433889
v -0.670820 0.723607 0.162460
v -0.597196 0.674609 0.433889
v -0.723607 0.447214 0.525731
v -0.818274 0.505721 0.273267
v -0.670820 0.723607 0.162460
v -0.597196 0.674609 0.433889
v -0.818274 0.505721 0.273267
v -0.670820 0.723607 0.162460
v -0.818274 0.505721 0.273267
v -0.850651 0.525731 0.000000
v -0.425325 0.850651 -0.309017
v -0.447214 0.894427 0.000000
v -0.670820 0.723607 -0.162460
v -0.447214 0.894427 0.000000
v -0.425325 0.850651 0.309017
v -0.670820 0.723607 0.162460
v -0.670820 0.723607 -0.162460
v -0.447214 0.894427 0.000000
v -0.670820 0.723607 0.162460
v -0.670820 0.723607 -0.162460
v -0.670820 0.723607 0.162460
v -0.850651 0.525731 0.000000
v -0.425325 0.850651 -0.309017
v -0.670820 0.723607 -0.162460
v -0.597196 0.674609 -0.433889
v -0.670820 0.723607 -0.162460
v -0.850651 0.525731 0.000000
v -0.818274 0.505721 -0.273266
v -0.597196 0.674609 -0.433889
v -0.670820 0.723607 -0.162460
v -0.818274 0.505721 -0.273266
v -0.597196 0.674609 -0.433889
v -0.818274 0.505721 -0.273266
v -0.723607 0.447214 -0.525731
v 0.000000 1.000000 0.000000
v 0.084444 0.961938 0.259892
v -0.221077 0.961938 0.160622
v 0.084444 0.961938 0.259892
v 0.162460 0.850651 0.500000
v -0.138197 0.894427 0.425325
v -0.221077 0.961938 0.160622
v 0.084444 0.961938 0.259892
v -0.138197 0.894427 0.425325
v -0.221077 0.961938 0.160622
v -0.138197 0.894427 0.425325
v -0.425325 0.850651 0.309017
v 0.162460 0.850651 0.500000
v 0.228109 0.674609 0.702046
v -0.052786 0.723607 0.688191
v 0.228109 0.674609 0.702046
v 0.276393 0.447214 0.850651
v 0.007032 0.505721 0.862669
v -0.052786 0.723607 0.688191
v 0.228109 0.674609 0.702046
v 0.007032 0.505721 0.862669
v -0.052786 0.723607 0.688191
v 0.007032 0.505721 0.862669
v -0.262865 0.525731 0.809017
v -0.425325 0.850651 0.309017
v -0.138197 0.894427 0.425325
v -0.361803 0.723607 0.587785
v -0.138197 0.894427 0.425325
v 0.162460 0.850651 0.500000
v -0.052786 0.723607 0.688191
v -0.361803 0.723607 0.587785
v -0.138197 0.894427 0.425325
v -0.052786 0.723607 0.688191
v -0.361803 0.723607 0.587785
v -0.052786 0.723607 0.688191
v -0.262865 0.525731 0.809017
v -0.425325 0.850651 0.309017
v -0.361803 0.723607 0.587785
v -0.597196 0.674609 0.433889
v -0.361803 0.723607 0.587785
v -0.262865 0.525731 0.809017
v -0.512752 0.505721 0.693780
v -0.597196 0.674609 0.433889
v -0.361803 0.723607 0.587785
v -0.512752 0.505721 0.693780
v -0.597196 0.674609 0.433889
v -0.512752 0.505721 0.693780
v -0.723607 0.447214 0.525731
v 0.000000 1.000000 0.000000
v 0.273266 0.961938 0.000000
v 0.084444 0.961938 0.259892
v 0.273266 0.961938 0.000000
v 0.525731 0.850651 0.000000
v 0.361803 0.894427 0.262866
v 0.084444 0.961938 0.259892
v 0.273266 0.961938 0.000000
v 0.361803 0.894427 0.262866
v 0.084444 0.961938 0.259892
v 0.361803 0.894427 0.262866
v 0.162460 0.850651 0.500000
v 0.525731 0.850651 0.000000
v 0.738175 0.674609 0.000000
v 0.638197 0.723607 0.262866
v 0.738175 0.674609 0.000000
v 0.894427 0.447214 0.000000
v 0.822619 0.505721 0.259892
v 0.638197 0.723607 0.262866
v 0.738175 0.674609 0.000000
v 0.822619 0.505721 0.259892
v 0.638197 0.723607 0.262866
v 0.822619 0.505721 0.259892
v 0.688191 0.525731 0.500000
v 0.162460 0.850651 0.500000
v 0.361803 0.894427 0.262866
v 0.447214 0.723607 0.525731
v 0.361803 0.894427 0.262866
v 0.525731 0.850651 0.000000
v 0.638197 0.723607 0.262866
v 0.447214 0.723607 0.525731
v 0.361803 0.894427 0.262866
v 0.638197 0.723607 0.262866
v 0.447214 0.723607 0.525731
v 0.638197 0.723607 0.262866
v 0.688191 0.525731 0.500000
v 0.162460 0.850651 0.500000
v 0.447214 0.723607 0.525731
v 0.228109 0.674609 0.702046
v 0.447214 0.723607 0.525731
v 0.688191 0.525731 0.500000
v 0.501375 0.505721 0.702046
v 0.228109 0.674609 0.702046
v 0.447214 0.723607 0.525731
v 0.501375 0.505721 0.702046
v 0.228109 0.674609 0.702046
v 0.501375 0.505721 0.702046
v 0.276393 0.447214 0.850651
v -0.723607 0.447214 -0.525731
v -0.818274 0.505721 -0.273266
v -0.870463 0.232454 -0.433889
v -0.818274 0.505721 -0.273266
v -0.850651 0.525731 0.000000
v -0.947214 0.276393 -0.162460
v -0.870463 0.232454 -0.433889
v -0.818274 0.505721 -0.273266
v -0.947214 0.276393 -0.162460
v -0.870463 0.232454 -0.433889
v -0.947214 0.276393 -0.162460
v -0.951057 0.000000 -0.309017
v -0.850651 0.525731 0.000000
v -0.818274 0.505721 0.273267
v -0.947214 0.276393 0.162460
v -0.818274 0.505721 0.273267
v -0.723607 0.447214 0.525731
v -0.870463 0.232454 0.433889
v -0.947214 0.276393 0.162460
v -0.818274 0.505721 0.273267
v -0.870463 0.232454 0.433889
v -0.947214 0.276393 0.162460
v -0.870463 0.232454 0.433889
v -0.951056 0.000000 0.309017
v -0.951057 0.000000 -0.309017
v -0.947214 0.276393 -0.162460
v -1.000000 0.000000 0.000000
v -0.947214 0.276393 -0.162460
v -0.850651 0.525731 0.000000
v -0.947214 0.276393 0.162460
v -1.000000 0.000000 0.000000
v -0.947214 0.276393 -0.162460
v -0.947214 0.276393 0.162460
v -1.000000 0.000000 0.000000
v -0.947214 0.276393 0.162460
v -0.951056 0.000000 0.309017
v -0.951057 0.000000 -0.309017
v -1.000000 0.000000 0.000000
v -0.959253 -0.232454 -0.160622
v -1.000000 0.000000 0.000000
v -0.951056 0.000000 0.309017
v -0.959253 -0.232454 0.160622
v -0.959253 -0.232454 -0.160622
v -1.000000 0.000000 0.000000
v -0.959253 -0.232454 0.160622
v -0.959253 -0.232454 -0.160622
v -0.959253 -0.232454 0.160622
v -0.894427 -0.447214 0.000000
v -0.723607 0.447214 0.525731
v -0.681640 0.232454 0.693780
v -0.870463 0.232454 0.433889
v -0.681640 0.232454 0.693780
v -0.587785 0.000000 0.809017
v -0.809017 0.000000 0.587785
v -0.870463 0.232454 0.433889
v -0.681640 0.232454 0.693780
v -0.809017 0.000000 0.587785
v -0.870463 0.232454 0.433889
v -0.809017 0.000000 0.587785
v -0.951056 0.000000 0.309017
v -0.587785 0.000000 0.809017
v -0.449186 -0.232454 0.862669
v -0.670820 -0.276393 0.688191
v -0.449186 -0.232454 0.862669
v -0.276393 -0.447214 0.850651
v -0.501375 -0.505721 0.702047
v -0.670820 -0.276393 0.688191
v -0.449186 -0.232454 0.862669
v -0.501375 -0.505721 0.702047
v -0.670820 -0.276393 0.688191
v -0.501375 -0.505721 0.702047
v -0.688191 -0.525731 0.500000
v -0.951056 0.000000 0.309017
v -0.809017 0.000000 0.587785
v -0.861803 -0.276393 0.425325
v -0.809017 0.000000 0.587785
v -0.587785 0.000000 0.809017
v -0.670820 -0.276393 0.688191
v -0.861803 -0.276393 0.425325
v -0.809017 0.000000 0.587785
v -0.670820 -0.276393 0.688191
v -0.861803 -0.276393 0.425325
v -0.670820 -0.276393 0.688191
v -0.688191 -0.525731 0.500000
v -0.951056 0.000000 0.309017
v -0.861803 -0.276393 0.425325
v -0.959253 -0.232454 0.160622
v -0.861803 -0.276393 0.425325
v -0.688191 -0.525731 0.500000
v -0.822619 -0.505721 0.259892
v -0.959253 -0.232454 0.160622
v -0.861803 -0.276393 0.425325
v -0.822619 -0.505721 0.259892
v -0.959253 -0.232454 0.160622
v -0.822619 -0.505721 0.259892
v -0.894427 -0.447214 0.000000
v -0.723607 0.447214 0.525731
v -0.512752 0.505721 0.693781
v -0.681640 0.232454 0.693780
v -0.512752 0.505721 0.693781
v -0.262865 0.525731 0.809017
v -0.447214 0.276393 0.850651
v -0.681640 0.232454 0.693780
v -0.512752 0.505721 0.693781
v -0.447214 0.276393 0.850651
v -0.681640 0.232454 0.693780
v -0.447214 0.276393 0.850651
v -0.587785 0.000000 0.809017
v -0.262865 0.525731 0.809017
v 0.007032 0.505721 0.862668
v -0.138197 0.276393 0.951057
v 0.007032 0.505721 0.862668
v 0.276393 0.447214 0.850651
v 0.143665 0.232454 0.961938
v -0.138197 0.276393 0.951057
v 0.007032 0.505721 0.862668
v 0.143665 0.232454 0.961938
v -0.138197 0.276393 0.951057
v 0.143665 0.232454 0.961938
v 0.000000 0.000000 1.000000
v -0.587785 0.000000 0.809017
v -0.447214 0.276393 0.850651
v -0.309017 0.000000 0.951057
v -0.447214 0.276393 0.850651
v -0.262865 0.525731 0.809017
v -0.138197 0.276393 0.951057
v -0.309017 0.000000 0.951057
v -0.447214 0.276393 0.850651
v -0.138197 0.276393 0.951057
v -0.309017 0.000000 0.951057
v -0.138197 0.276393 0.951057
v 0.000000 0.000000 1.000000
v -0.587785 0.000000 0.809017
v -0.309017 0.000000 0.951057
v -0.449186 -0.232454 0.862669
v -0.309017 0.000000 0.951057
v 0.000000 0.000000 1.000000
v -0.143665 -0.232454 0.961938
v -0.449186 -0.232454 0.862669
v -0.309017 0.000000 0.951057
v -0.143665 -0.232454 0.961938
v -0.449186 -0.232454 0.862669
v -0.143665 -0.232454 0.961938
v -0.276393 -0.447214 0.850651
v 0.276393 0.447214 0.850651
v 0.449186 0.232454 0.862668
v 0.143665 0.232454 0.961938
v 0.449186 0.232454 0.862668
v 0.587785 0.000000 0.809017
v 0.309017 0.000000 0.951057
v 0.143665 0.232454 0.961938
v 0.449186 0.232454 0.862668
v 0.309017 0.000000 0.951057
v 0.143665 0.232454 0.961938
v 0.309017 0.000000 0.951057
v 0.000000 0.000000 1.000000
v 0.587785 0.000000 0.809017
v 0.681640 -0.232454 0.693780
v 0.447214 -0.276393 0.850651
v 0.681640 -0.232454 0.693780
v 0.723607 -0.447214 0.525731
v 0.512752 -0.505721 0.693780
v 0.447214 -0.276393 0.850651
v 0.681640 -0.232454 0.693780
v 0.512752 -0.505721 0.693780
v 0.447214 -0.276393 0.850651
v 0.512752 -0.505721 0.693780
v 0.262866 -0.525731 0.809017
v 0.000000 0.000000 1.000000
v 0.309017 0.000000 0.951057
v 0.138197 -0.276393 0.951057
v 0.309017 0.000000 0.951057
v 0.587785 0.000000 0.809017
v 0.447214 -0.276393 0.850651
v 0.138197 -0.276393 0.951057
v 0.309017 0.000000 0.951057
v 0.447214 -0.276393 0.850651
v 0.138197 -0.276393 0.951057
v 0.447214 -0.276393 0.850651
v 0.262866 -0.525731 0.809017
v 0.000000 0.000000 1.000000
v 0.138197 -0.276393 0.951057
v -0.143665 -0.232454 0.961938
v 0.138197 -0.276393 0.951057
v 0.262866 -0.525731 0.809017
v -0.007031 -0.505721 0.862669
v -0.143665 -0.232454 0.961938
v 0.138197 -0.276393 0.951057
v -0.007031 -0.505721 0.862669
v -0.143665 -0.232454 0.961938
v -0.007031 -0.505721 0.862669
v -0.276393 -0.447214 0.850651
v 0.276393 0.447214 0.850651
v 0.501375 0.505721 0.702046
v 0.449186 0.232454 0.862668
v 0.501375 0.505721 0.702046
v 0.688191 0.525731 0.500000
v 0.670820 0.276393 0.688191
v 0.449186 0.232454 0.862668
v 0.501375 0.505721 0.702046
v 0.670820 0.276393 0.688191
v 0.449186 0.232454 0.862668
v 0.670820 0.276393 0.688191
v 0.587785 0.000000 0.809017
v 0.688191 0.525731 0.500000
v 0.822619 0.505721 0.259892
v 0.861803 0.276393 0.425325
v 0.822619 0.505721 0.259892
v 0.894427 0.447214 0.000000
v 0.959253 0.232454 0.160622
v 0.861803 0.276393 0.425325
v 0.822619 0.505721 0.259892
v 0.959253 0.232454 0.160622
v 0.861803 0.276393 0.425325
v 0.959253 0.232454 0.160622
v 0.951057 0.000000 0.309017
v 0.587785 0.000000 0.809017
v 0.670820 0.276393 0.688191
v 0.809017 0.000000 0.587785
v 0.670820 0.276393 0.688191
v 0.688191 0.525731 0.500000
v 0.861803 0.276393 0.425325
v 0.809017 0.000000 0.587785
v 0.670820 0.276393 0.688191
v 0.861803 0.276393 0.425325
v 0.809017 0.000000 0.587785
v 0.861803 0.276393 0.425325
v 0.951057 0.000000 0.309017
v 0.587785 0.000000 0.809017
v 0.809017 0.000000 0.587785
v 0.681640 -0.232454 0.693780
v 0.809017 0.000000 0.587785
v 0.951057 0.000000 0.309017
v 0.870463 -0.232454 0.433889
v 0.681640 -0.232454 0.693780
v 0.809017 0.000000 0.587785
v 0.870463 -0.232454 0.433889
v 0.681640 -0.232454 0.693780
v 0.870463 -0.232454 0.433889
v 0.723607 -0.447214 0.525731
v 0.894427 0.447214 0.000000
v 0.959253 0.232454 -0.160622
v 0.959253 0.232454 0.160622
v 0.959253 0.232454 -0.160622
v 0.951056 0.000000 -0.309017
v 1.000000 0.000000 0.000000
v 0.959253 0.232454 0.160622
v 0.959253 0.232454 -0.160622
v 1.000000 0.000000 0.000000
v 0.959253 0.232454 0.160622
v 1.000000 0.000000 0.000000
v 0.951057 0.000000 0.309017
v 0.951056 0.000000 -0.309017
v 0.870463 -0.232454 -0.433889
v 0.947214 -0.276393 -0.162460
v 0.870463 -0.232454 -0.433889
v 0.723607 -0.447214 -0.525731
v 0.818274 -0.505721 -0.273266
v 0.947214 -0.276393 -0.162460
v 0.870463 -0.232454 -0.433889
v 0.818274 -0.505721 -0.273266
v 0.947214 -0.276393 -0.162460
v 0.818274 -0.505721 -0.273266
v 0.850651 -0.525731 0.000000
v 0.951057 0.000000 0.309017
v 1.000000 0.000000 0.000000
v 0.947214 -0.276393 0.162460
v 1.000000 0.000000 0.000000
v 0.951056 0.000000 -0.309017
v 0.947214 -0.276393 -0.162460
v 0.947214 -0.276393 0.162460
v 1.000000 0.000000 0.000000
v 0.947214 -0.276393 -0.162460
v 0.947214 -0.276393 0.162460
v 0.947214 -0.276393 -0.162460
v 0.850651 -0.525731 0.000000
v 0.951057 0.000000 0.309017
v 0.947214 -0.276393 0.162460
v 0.870463 -0.232454 0.433889
v 0.947214 -0.276393 0.162460
v 0.850651 -0.525731 0.000000
v 0.818274 -0.505721 0.273266
v 0.870463 -0.232454 0.433889
v 0.947214 -0.276393 0.162460
v 0.818274 -0.505721 0.273266
v 0.870463 -0.232454 0.433889
v 0.818274 -0.505721 0.273266
v 0.723607 -0.447214 0.525731
v 0.894427 0.447214 0.000000
v 0.822619 0.505721 -0.259892
v 0.959253 0.232454 -0.160622
v 0.822619 0.505721 -0.259892
v 0.688191 0.525731 -0.500000
v 0.861803 0.276393 -0.425325
v 0.959253 0.232454 -0.160622
v 0.822619 0.505721 -0.259892
v 0.861803 0.276393 -0.425325
v 0.959253 0.232454 -0.160622
v 0.861803 0.276393 -0.425325
v 0.951056 0.000000 -0.309017
v 0.688191 0.525731 -0.500000
v 0.501375 0.505721 -0.702046
v 0.670820 0.276393 -0.688191
v 0.501375 0.505721 -0.702046
v 0.276393 0.447214 -0.850651
v 0.449186 0.232454 -0.862668
v 0.670820 0.276393 -0.688191
v 0.501375 0.505721 -0.702046
v 0.449186 0.232454 -0.862668
v 0.670820 0.276393 -0.688191
v 0.449186 0.232454 -0.862668
v 0.587785 0.000000 -0.809017
v 0.951056 0.000000 -0.309017
v 0.861803 0.276393 -0.425325
v 0.809017 0.000000 -0.587785
v 0.861803 0.276393 -0.425325
v 0.688191 0.525731 -0.500000
v 0.670820 0.276393 -0.688191
v 0.809017 0.000000 -0.587785
v 0.861803 0.276393 -0.425325
v 0.670820 0.276393 -0.688191
v 0.809017 0.000000 -0.587785
v 0.670820 0.276393 -0.688191
v 0.587785 0.000000 -0.809017
v 0.951056 0.000000 -0.309017
v 0.809017 0.000000 -0.587785
v 0.870463 -0.232454 -0.433889
v 0.809017 0.000000 -0.587785
v 0.587785 0.000000 -0.809017
v 0.681640 -0.232454 -0.693780
v 0.870463 -0.232454 -0.433889
v 0.809017 0.000000 -0.587785
v 0.681640 -0.232454 -0.693780
v 0.870463 -0.232454 -0.433889
v 0.681640 -0.232454 -0.693780
v 0.723607 -0.447214 -0.525731
v 0.276393 0.447214 -0.850651
v 0.143665 0.232454 -0.961938
v 0.449186 0.232454 -0.862668
v 0.143665 0.232454 -0.961938
v -0.000000 0.000000 -1.000000
v 0.309017 0.000000 -0.951057
v 0.449186 0.232454 -0.862668
v 0.143665 0.232454 -0.961938
v 0.309017 0.000000 -0.951057
v 0.449186 0.232454 -0.862668
v 0.309017 0.000000 -0.951057
v 0.587785 0.000000 -0.809017
v -0.000000 0.000000 -1.000000
v -0.143665 -0.232454 -0.961938
v 0.138197 -0.276393 -0.951057
v -0.143665 -0.232454 -0.961938
v -0.276393 -0.447214 -0.850651
v -0.007031 -0.505721 -0.862669
v 0.138197 -0.276393 -0.951057
v -0.143665 -0.232454 -0.961938
v -0.007031 -0.505721 -0.862669
v 0.138197 -0.276393 -0.951057
v -0.007031 -0.505721 -0.862669
v 0.262866 -0.525731 -0.809017
v 0.587785 0.000000 -0.809017
v 0.309017 0.000000 -0.951057
v 0.447214 -0.276393 -0.850651
v 0.309017 0.000000 -0.951057
v -0.000000 0.000000 -1.000000
v 0.138197 -0.276393 -0.951057
v 0.447214 -0.276393 -0.850651
v 0.309017 0.000000 -0.951057
v 0.138197 -0.276393 -0.951057
v 0.447214 -0.276393 -0.850651
v 0.138197 -0.276393 -0.951057
v 0.262866 -0.525731 -0.809017
v 0.587785 0.000000 -0.809017
v 0.447214 -0.276393 -0.850651
v 0.681640 -0.232454 -0.693780
v 0.447214 -0.276393 -0.850651
v 0.262866 -0.525731 -0.809017
v 0.512752 -0.505721 -0.693780
v 0.681640 -0.232454 -0.693780
v 0.447214 -0.276393 -0.850651
v 0.512752 -0.505721 -0.693780
v 0.681640 -0.232454 -0.693780
v 0.512752 -0.505721 -0.693780
v 0.723607 -0.447214 -0.525731
v 0.276393 0.447214 -0.850651
v 0.007031 0.505721 -0.862668
v 0.143665 0.232454 -0.961938
v 0.007031 0.505721 -0.862668
v -0.262866 0.525731 -0.809017
v -0.138197 0.276393 -0.951057
v 0.143665 0.232454 -0.961938
v 0.007031 0.505721 -0.862668
v -0.138197 0.276393 -0.951057
v 0.143665 0.232454 -0.961938
v -0.138197 0.276393 -0.951057
v -0.000000 0.000000 -1.000000
v -0.262866 0.525731 -0.809017
v -0.512752 0.505721 -0.693780
v -0.447214 0.276393 -0.850651
v -0.512752 0.505721 -0.693780
v -0.723607 0.447214 -0.525731
v -0.681640 0.232454 -0.693780
v -0.447214 0.276393 -0.850651
v -0.512752 0.505721 -0.693780
v -0.681640 0.232454 -0.693780
v -0.447214 0.276393 -0.850651
v -0.681640 0.232454 -0.693780
v -0.587785 0.000000 -0.809017
v -0.000000 0.000000 -1.000000
v -0.138197 0.276393 -0.951057
v -0.309017 0.000000 -0.951057
v -0.138197 0.276393 -0.951057
v -0.262866 0.525731 -0.809017
v -0.447214 0.276393 -0.850651
v -0.309017 0.000000 -0.951057
v -0.138197 0.276393 -0.951057
v -0.447214 0.276393 -0.850651
v -0.309017 0.000000 -0.951057
v -0.447214 0.276393 -0.850651
v -0.587785 0.000000 -0.809017
v -0.000000 0.000000 -1.000000
v -0.309017 0.000000 -0.951057
v -0.143665 -0.232454 -0.961938
v -0.309017 0.000000 -0.951057
v -0.587785 0.000000 -0.809017
v -0.449186 -0.232454 -0.862668
v -0.143665 -0.232454 -0.961938
v -0.309017 0.000000 -0.951057
v -0.449186 -0.232454 -0.862668
v -0.143665 -0.232454 -0.961938
v -0.449186 -0.232454 -0.862668
v -0.276393 -0.447214 -0.850651
v -0.723607 0.447214 -0.525731
v -0.870463 0.232454 -0.433889
v -0.681640 0.232454 -0.693780
v -0.870463 0.232454 -0.433889
v -0.951057 0.000000 -0.309017
v -0.809017 0.000000 -0.587785
v -0.681640 0.232454 -0.693780
v -0.870463 0.232454 -0.433889
v -0.809017 0.000000 -0.587785
v -0.681640 0.232454 -0.693780
v -0.809017 0.000000 -0.587785
v -0.587785 0.000000 -0.809017
v -0.951057 0.000000 -0.309017
v -0.959253 -0.232454 -0.160622
v -0.861803 -0.276393 -0.425325
v -0.959253 -0.232454 -0.160622
v -0.894427 -0.447214 0.000000
v -0.822619 -0.505721 -0.259892
v -0.861803 -0.276393 -0.425325
v -0.959253 -0.232454 -0.160622
v -0.822619 -0.505721 -0.259892
v -0.861803 -0.276393 -0.425325
v -0.822619 -0.505721 -0.259892
v -0.688191 -0.525731 -0.500000
v -0.587785 0.000000 -0.809017
v -0.809017 0.000000 -0.587785
v -0.670820 -0.276393 -0.688191
v -0.809017 0.000000 -0.587785
v -0.951057 0.000000 -0.309017
v -0.861803 -0.276393 -0.425325
v -0.670820 -0.276393 -0.688191
v -0.809017 0.000000 -0.587785
v -0.861803 -0.276393 -0.425325
v -0.670820 -0.276393 -0.688191
v -0.861803 -0.276393 -0.425325
v -0.688191 -0.525731 -0.500000
v -0.587785 0.000000 -0.809017
v -0.670820 -0.276393 -0.688191
v -0.449186 -0.232454 -0.862668
v -0.670820 -0.276393 -0.688191
v -0.688191 -0.525731 -0.500000
v -0.501375 -0.505721 -0.702046
v -0.449186 -0.232454 -0.862668
v -0.670820 -0.276393 -0.688191
v -0.501375 -0.505721 -0.702046
v -0.449186 -0.232454 -0.862668
v -0.501375 -0.505721 -0.702046
v -0.276393 -0.447214 -0.850651
v 0.000000 -1.000000 0.000000
v -0.273267 -0.961938 0.000000
v -0.084444 -0.961938 0.259892
v -0.273267 -0.961938 0.000000
v -0.525731 -0.850651 0.000000
v -0.361803 -0.894427 0.262866
v -0.084444 -0.961938 0.259892
v -0.273267 -0.961938 0.000000
v -0.361803 -0.894427 0.262866
v -0.084444 -0.961938 0.259892
v -0.361803 -0.894427 0.262866
v -0.162460 -0.850651 0.500000
v -0.525731 -0.850651 0.000000
v -0.738175 -0.674609 0.000000
v -0.638197 -0.723607 0.262866
v -0.738175 -0.674609 0.000000
v -0.894427 -0.447214 0.000000
v -0.822619 -0.505721 0.259892
v -0.638197 -0.723607 0.262866
v -0.738175 -0.674609 0.000000
v -0.822619 -0.505721 0.259892
v -0.638197 -0.723607 0.262866
v -0.822619 -0.505721 0.259892
v -0.688191 -0.525731 0.500000
v -0.162460 -0.850651 0.500000
v -0.361803 -0.894427 0.262866
v -0.447214 -0.723607 0.525731
v -0.361803 -0.894427 0.262866
v -0.525731 -0.850651 0.000000
v -0.638197 -0.723607 0.262866
v -0.447214 -0.723607 0.525731
v -0.361803 -0.894427 0.262866
v -0.638197 -0.723607 0.262866
v -0.447214 -0.723607 0.525731
v -0.638197 -0.723607 0.262866
v -0.688191 -0.525731 0.500000
v -0.162460 -0.850651 0.500000
v -0.447214 -0.723607 0.525731
v -0.228109 -0.674609 0.702047
v -0.447214 -0.723607 0.525731
v -0.688191 -0.525731 0.500000
v -0.501375 -0.505721 0.702047
v -0.228109 -0.674609 0.702047
v -0.447214 -0.723607 0.525731
v -0.501375 -0.505721 0.702047
v -0.228109 -0.674609 0.702047
v -0.501375 -0.505721 0.702047
v -0.276393 -0.447214 0.850651
v 0.000000 -1.000000 0.000000
v -0.084444 -0.961938 0.259892
v 0.221077 -0.961938 0.160622
v -0.084444 -0.961938 0.259892
v -0.162460 -0.850651 0.500000
v 0.138197 -0.894427 0.425325
v 0.221077 -0.961938 0.160622
v -0.084444 -0.961938 0.259892
v 0.138197 -0.894427 0.425325
v 0.221077 -0.961938 0.160622
v 0.138197 -0.894427 0.425325
v 0.425325 -0.850651 0.309017
v -0.162460 -0.850651 0.500000
v -0.228109 -0.674609 0.702047
v 0.052786 -0.723607 0.688191
v -0.228109 -0.674609 0.702047
v -0.276393 -0.447214 0.850651
v -0.007031 -0.505721 0.862669
v 0.052786 -0.723607 0.688191
v -0.228109 -0.674609 0.702047
v -0.007031 -0.505721 0.862669
v 0.052786 -0.723607 0.688191
v -0.007031 -0.505721 0.862669
v 0.262866 -0.525731 0.809017
v 0.425325 -0.850651 0.309017
v 0.138197 -0.894427 0.425325
v 0.361803 -0.723607 0.587785
v 0.138197 -0.894427 0.425325
v -0.162460 -0.850651 0.500000
v 0.052786 -0.723607 0.688191
v 0.361803 -0.723607 0.587785
v 0.138197 -0.894427 0.425325
v 0.052786 -0.723607 0.688191
v 0.361803 -0.723607 0.587785
v 0.052786 -0.723607 0.688191
v 0.262866 -0.525731 0.809017
v 0.425325 -0.850651 0.309017
v 0.361803 -0.723607 0.587785
v 0.597196 -0.674609 0.433889
v 0.361803 -0.723607 0.587785
v 0.262866 -0.525731 0.809017
v 0.512752 -0.505721 0.693780
v 0.597196 -0.674609 0.433889
v 0.361803 -0.723607 0.587785
v 0.512752 -0.505721 0.693780
v 0.597196 -0.674609 0.433889
v 0.512752 -0.505721 0.693780
v 0.723607 -0.447214 0.525731
v 0.000000 -1.000000 0.000000
v 0.221077 -0.961938 0.160622
v 0.221077 -0.961938 -0.160622
v 0.221077 -0.961938 0.160622
v 0.425325 -0.850651 0.309017
v 0.447214 -0.894427 0.000000
v 0.221077 -0.961938 -0.160622
v 0.221077 -0.961938 0.160622
v 0.447214 -0.894427 0.000000
v 0.221077 -0.961938 -0.160622
v 0.447214 -0.894427 0.000000
v 0.425325 -0.850651 -0.309017
v 0.425325 -0.850651 0.309017
v 0.597196 -0.674609 0.433889
v 0.670820 -0.723607 0.162460
v 0.597196 -0.674609 0.433889
v 0.723607 -0.447214 0.525731
v 0.818274 -0.505721 0.273266
v 0.670820 -0.723607 0.162460
v 0.597196 -0.674609 0.433889
v 0.818274 -0.505721 0.273266
v 0.670820 -0.723607 0.162460
v 0.818274 -0.505721 0.273266
v 0.850651 -0.525731 0.000000
v 0.425325 -0.850651 -0.309017
v 0.447214 -0.894427 0.000000
v 0.670820 -0.723607 -0.162460
v 0.447214 -0.894427 0.000000
v 0.425325 -0.850651 0.309017
v 0.670820 -0.723607 0.162460
v 0.670820 -0.723607 -0.162460
v 0.447214 -0.894427 0.000000
v 0.670820 -0.723607 0.162460
v 0.670820 -0.723607 -0.162460
v 0.670820 -0.723607 0.162460
v 0.850651 -0.525731 0.000000
v 0.425325 -0.850651 -0.309017
v 0.670820 -0.723607 -0.162460
v 0.597196 -0.674609 -0.433889
v 0.670820 -0.723607 -0.162460
v 0.850651 -0.525731 0.000000
v 0.818274 -0.505721 -0.273266
v 0.597196 -0.674609 -0.433889
v 0.670820 -0.723607 -0.162460
v 0.818274 -0.505721 -0.273266
v 0.597196 -0.674609 -0.433889
v 0.818274 -0.505721 -0.273266
v 0.723607 -0.447214 -0.525731
v 0.000000 -1.000000 0.000000
v 0.221077 -0.961938 -0.160622
v -0.084444 -0.961938 -0.259892
v 0.221077 -0.961938 -0.160622
v 0.425325 -0.850651 -0.309017
v 0.138197 -0.894427 -0.425325
v -0.084444 -0.961938 -0.259892
v 0.221077 -0.961938 -0.160622
v 0.138197 -0.894427 -0.425325
v -0.084444 -0.961938 -0.259892
v 0.138197 -0.894427 -0.425325
v -0.162460 -0.850651 -0.500000
v 0.425325 -0.850651 -0.309017
v 0.597196 -0.674609 -0.433889
v 0.361803 -0.723607 -0.587785
v 0.597196 -0.674609 -0.433889
v 0.723607 -0.447214 -0.525731
v 0.512752 -0.505721 -0.693780
v 0.361803 -0.723607 -0.587785
v 0.597196 -0.674609 -0.433889
v 0.512752 -0.505721 -0.693780
v 0.361803 -0.723607 -0.587785
v 0.512752 -0.505721 -0.693780
v 0.262866 -0.525731 -0.809017
v -0.162460 -0.850651 -0.500000
v 0.138197 -0.894427 -0.425325
v 0.052786 -0.723607 -0.688191
v 0.138197 -0.894427 -0.425325
v 0.425325 -0.850651 -0.309017
v 0.361803 -0.723607 -0.587785
v 0.052786 -0.723607 -0.688191
v 0.138197 -0.894427 -0.425325
v 0.361803 -0.723607 -0.587785
v 0.052786 -0.723607 -0.688191
v 0.361803 -0.723607 -0.587785
v 0.262866 -0.525731 -0.809017
v -0.162460 -0.850651 -0.500000
v 0.052786 -0.723607 -0.688191
v -0.228109 -0.674609 -0.702046
v 0.052786 -0.723607 -0.688191
v 0.262866 -0.525731 -0.809017
v -0.007031 -0.505721 -0.862668
v -0.228109 -0.674609 -0.702046
v 0.052786 -0.723607 -0.688191
v -0.007031 -0.505721 -0.862668
v -0.228109 -0.674609 -0.702046
v -0.007031 -0.505721 -0.862668
v -0.276393 -0.447214 -0.850651
v 0.000000 -1.000000 0.000000
v -0.084444 -0.961938 -0.259892
v -0.273267 -0.961938 0.000000
v -0.084444 -0.961938 -0.259892
v -0.162460 -0.850651 -0.500000
v -0.361803 -0.894427 -0.262866
v -0.273267 -0.961938 0.000000
v -0.084444 -0.961938 -0.259892
v -0.361803 -0.894427 -0.262866
v -0.273267 -0.961938 0.000000
v -0.361803 -0.894427 -0.262866
v -0.525731 -0.850651 0.000000
v -0.162460 -0.850651 -0.500000
v -0.228109 -0.674609 -0.702046
v -0.447214 -0.723607 -0.525731
v -0.228109 -0.674609 -0.702046
v -0.276393 -0.447214 -0.850651
v -0.501375 -0.505721 -0.702046
v -0.447214 -0.723607 -0.525731
v -0.228109 -0.674609 -0.702046
v -0.501375 -0.505721 -0.702046
v -0.447214 -0.723607 -0.525731
v -0.501375 -0.505721 -0.702046
v -0.688191 -0.525731 -0.500000
v -0.525731 -0.850651 0.000000
v -0.361803 -0.894427 -0.262866
v -0.638197 -0.723607 -0.262866
v -0.361803 -0.894427 -0.262866
v -0.162460 -0.850651 -0.500000
v -0.447214 -0.723607 -0.525731
v -0.638197 -0.723607 -0.262866
v -0.361803 -0.894427 -0.262866
v -0.447214 -0.723607 -0.525731
v -0.638197 -0.723607 -0.262866
v -0.447214 -0.723607 -0.525731
v -0.688191 -0.525731 -0.500000
v -0.525731 -0.850651 0.000000
v -0.638197 -0.723607 -0.262866
v -0.738175 -0.674609 0.000000
v -0.638197 -0.723607 -0.262866
v -0.688191 -0.525731 -0.500000
v -0.822619 -0.505721 -0.259892
v -0.738175 -0.674609 0.000000
v -0.638197 -0.723607 -0.262866
v -0.822619 -0.505721 -0.259892
v -0.738175 -0.674609 0.000000
v -0.822619 -0.505721 -0.259892
v -0.894427 -0.447214 0.000000
f 0 2 1
f 3 5 4
f 6 8 7
f 9 11 10
f 12 14 13
f 15 17 16
f 18 20 19
f 21 23 22
f 24 26 25
f 27 29 28
f 30 32 31
f 33 35 34
f 36 38 37
f 39 41 40
f 42 44 43
f 45 47 46
f 48 50 49
f 51 53 52
f 54 56 55
f 57 59 58
f 60 62 61
f 63 65 64
f 66 68 67
f 69 71 70
f 72 74 73
f 75 77 76
f 78 80 79
f 81 83 82
f 84 86 85
f 87 89 88
f 90 92 91
f 93 95 94
f 96 98 97
f 99 101 100
f 102 104 103
f 105 107 106
f 108 110 109
f 111 113 112
f 114 116 115
f 117 119 118
f 120 122 121
f 123 125 124
f 126 128 127
f 129 131 130
f 132 134 133
f 135 137 136
f 138 140 139
f 141 143 142
f 144 146 145
f 147 149 148
f 150 152 151
f 153 155 154
f 156 158 157
f 159 161 160
f 162 164 163
f 165 167 166
f 168 170 169
f 171 173 172
f 174 176 175
f 177 179 178
f 180 182 181
f 183 185 184
f 186 188 187
f 189 191 190
f 192 194 193
f 195 197 196
f 198 200 199
f 201 203 202
f 204 206 205
f 207 209 208
f 210 212 211
f 213 215 214
f 216 218 217
f 219 221 220
f 222 224 223
f 225 227 226
f 228 230 229
f 231 233 232
f 234 236 235
f 237 239 238
f 240 242 241
f 243 245 244
f 246 248 247
f 249 251 250
f 252 254 253
f 255 257 256
f 258 260 259
f 261 263 262
f 264 266 265
f 267 269 268
f 270 272 271
f 273 275 274
f 276 278 277
f 279 281 280
f 282 284 283
f 285 287 286
f 288 290 289
f 291 293 292
f 294 296 295
f 297 299 298
f 300 302 301
f 303 305 304
f 306 308 307
f 309 311 310
f 312 314 313
f 315 317 316
f 318 320 319
f 321 323 322
f 324 326 325
f 327 329 328
f 330 332 331
f 333 335 334
f 336 338 337
f 339 341 340
f 342 344 343
f 345 347 346
f 348 350 349
f 351 353 352
f 354 356 355
f 357 359 358
f 360 362 361
f 363 365 364
f 366 368 367
f 369 371 370
f 372 374 373
f 375 377 376
f 378 380 379
f 381 383 382
f 384 386 385
f 387 389 388
f 390 392 391
f 393 395 394
f 396 398 397
f 399 401 400
f 402 404 403
f 405 407 406
f 408 410 409
f 411 413 412
f 414 416 415
f 417 419 418
f 420 422 421
f 423 425 424
f 426 428 427
f 429 431 430
f 432 434 433
f 435 437 436
f 438 440 439
f 441 443 442
f 444 446 445
f 447 449 448
f 450 452 451
f 453 455 454
f 456 458 457
f 459 461 460
f 462 464 463
f 465 467 466
f 468 470 469
f 471 473 472
f 474 476 475
f 477 479 478
f 480 482 481
f 483 485 484
f 486 488 487
f 489 491 490
f 492 494 493
f 495 497 496
f 498 500 499
f 501 503 502
f 504 506 505
f 507 509 508
f 510 512 511
f 513 515 514
f 516 518 517
f 519 521 520
f 522 524 523
f 525 527 526
f 528 530 529
f 531 533 532
f 534 536 535
f 537 539 538
f 540 542 541
f 543 545 544
f 546 548 547
f 549 551 550
f 552 554 553
f 555 557 556
f 558 560 559
f 561 563 562
f 564 566 565
f 567 569 568
f 570 572 571
f 573 575 574
f 576 578 577
f 579 581 580
f 582 584 583
f 585 587 586
f 588 590 589
f 591 593 592
f 594 596 595
f 597 599 598
f 600 602 601
f 603 605 604
f 606 608 607
f 609 611 610
f 612 614 613
f 615 617 616
f 618 620 619
f 621 623 622
f 624 626 625
f 627 629 628
f 630 632 631
f 633 635 634
f 636 638 637
f 639 641 640
f 642 644 643
f 645 647 646
f 648 650 649
f 651 653 652
f 654 656 655
f 657 659 658
f 660 662 661
f 663 665 664
f 666 668 667
f 669 671 670
f 672 674 673
f 675 677 676
f 678 680 679
f 681 683 682
f 684 686 685
f 687 689 688
f 690 692 691
f 693 695 694
f 696 698 697
f 699 701 700
f 702 704 703
f 705 707 706
f 708 710 709
f 711 713 712
f 714 716 715
f 717 719 718
f 720 722 721
f 723 725 724
f 726 728 727
f 729 731 730
f 732 734 733
f 735 737 736
f 738 740 739
f 741 743 742
f 744 746 745
f 747 749 748
f 750 752 751
f 753 755 754
f 756 758 757
f 759 761 760
f 762 764 763
f 765 767 766
f 768 770 769
f 771 773 772
f 774 776 775
f 777 779 778
f 780 782 781
f 783 785 784
f 786 788 787
f 789 791 790
f 792 794 793
f 795 797 796
f 798 800 799
f 801 803 802
f 804 806 805
f 807 809 808
f 810 812 811
f 813 815 814
f 816 818 817
f 819 821 820
f 822 824 823
f 825 827 826
f 828 830 829
f 831 833 832
f 834 836 835
f 837 839 838
f 840 842 841
f 843 845 844
f 846 848 847
f 849 851 850
f 852 854 853
f 855 857 856
f 858 860 859
f 861 863 862
f 864 866 865
f 867 869 868
f 870 872 871
f 873 875 874
f 876 878 877
f 879 881 880
f 882 884 883
f 885 887 886
f 888 890 889
f 891 893 892
f 894 896 895
f 897 899 898
f 900 902 901
f 903 905 904
f 906 908 907
f 909 911 910
f 912 914 913
f 915 917 916
f 918 920 919
f 921 923 922
f 924 926 925
f 927 929 928
f 930 932 931
f 933 935 934
f 936 938 937
f 939 941 940
f 942 944 943
f 945 947 946
f 948 950 949
f 951 953 952
f 954 956 955
f 957 959 958
