v 0.000000 1.000000 0.000000
v -0.118283 0.971616 -0.204871
v 0.236565 0.971616 0.000000
v -0.118283 0.971616 -0.204871
v -0.229850 0.888074 -0.398113
v 0.125281 0.968100 -0.216994
v 0.236565 0.971616 0.000000
v -0.118283 0.971616 -0.204871
v 0.125281 0.968100 -0.216994
v 0.236565 0.971616 0.000000
v 0.125281 0.968100 -0.216994
v 0.459701 0.888074 0.000000
v -0.229850 0.888074 -0.398113
v -0.328370 0.754117 -0.568753
v 0.030517 0.884299 -0.465924
v -0.328370 0.754117 -0.568753
v -0.408248 0.577350 -0.707107
v -0.064713 0.754344 -0.653282
v 0.030517 0.884299 -0.465924
v -0.328370 0.754117 -0.568753
v -0.064713 0.754344 -0.653282
v 0.030517 0.884299 -0.465924
v -0.064713 0.754344 -0.653282
v 0.288675 0.816497 -0.500000
v 0.459701 0.888074 0.000000
v 0.125281 0.968100 -0.216994
v 0.388243 0.884299 -0.259390
v 0.125281 0.968100 -0.216994
v -0.229850 0.888074 -0.398113
v 0.030517 0.884299 -0.465924
v 0.388243 0.884299 -0.259390
v 0.125281 0.968100 -0.216994
v 0.030517 0.884299 -0.465924
v 0.388243 0.884299 -0.259390
v 0.030517 0.884299 -0.465924
v 0.288675 0.816497 -0.500000
v 0.459701 0.888074 0.000000
v 0.388243 0.884299 -0.259390
v 0.656740 0.754117 0.000000
v 0.388243 0.884299 -0.259390
v 0.288675 0.816497 -0.500000
v 0.598115 0.754344 -0.270598
v 0.656740 0.754117 0.000000
v 0.388243 0.884299 -0.259390
v 0.598115 0.754344 -0.270598
v 0.656740 0.754117 0.000000
v 0.598115 0.754344 -0.270598
v 0.816497 0.577350 0.000000
v -0.408248 0.577350 -0.707107
v -0.464951 0.367808 -0.805319
v -0.220942 0.312460 -0.923880
v -0.464951 0.367808 -0.805319
v -0.495259 0.137385 -0.857813
v -0.256931 0.071273 -0.963798
v -0.220942 0.312460 -0.923880
v -0.464951 0.367808 -0.805319
v -0.256931 0.071273 -0.963798
v -0.220942 0.312460 -0.923880
v -0.256931 0.071273 -0.963798
v -0.000000 -0.000000 -1.000000
v -0.495259 0.137385 -0.857813
v -0.497452 -0.100836 -0.861611
v -0.289325 -0.204584 -0.935113
v -0.497452 -0.100836 -0.861611
v -0.471405 -0.333333 -0.816497
v -0.260886 -0.435390 -0.861611
v -0.289325 -0.204584 -0.935113
v -0.497452 -0.100836 -0.861611
v -0.260886 -0.435390 -0.861611
v -0.289325 -0.204584 -0.935113
v -0.260886 -0.435390 -0.861611
v -0.035558 -0.512730 -0.857813
v -0.000000 -0.000000 -1.000000
v -0.256931 0.071273 -0.963798
v -0.018447 -0.265994 -0.963798
v -0.256931 0.071273 -0.963798
v -0.495259 0.137385 -0.857813
v -0.289325 -0.204584 -0.935113
v -0.018447 -0.265994 -0.963798
v -0.256931 0.071273 -0.963798
v -0.289325 -0.204584 -0.935113
v -0.018447 -0.265994 -0.963798
v -0.289325 -0.204584 -0.935113
v -0.035558 -0.512730 -0.857813
v -0.000000 -0.000000 -1.000000
v -0.018447 -0.265994 -0.963798
v 0.220942 -0.312460 -0.923880
v -0.018447 -0.265994 -0.963798
v -0.035558 -0.512730 -0.857813
v 0.191789 -0.560963 -0.805319
v 0.220942 -0.312460 -0.923880
v -0.018447 -0.265994 -0.963798
v 0.191789 -0.560963 -0.805319
v 0.220942 -0.312460 -0.923880
v 0.191789 -0.560963 -0.805319
v 0.408248 -0.577350 -0.707107
v 0.816497 0.577350 0.000000
v 0.721162 0.678892 -0.137950
v 0.880453 0.453621 -0.137950
v 0.721162 0.678892 -0.137950
v 0.598115 0.754344 -0.270598
v 0.783578 0.554073 -0.281085
v 0.880453 0.453621 -0.137950
v 0.721162 0.678892 -0.137950
v 0.783578 0.554073 -0.281085
v 0.880453 0.453621 -0.137950
v 0.783578 0.554073 -0.281085
v 0.910574 0.312460 -0.270598
v 0.598115 0.754344 -0.270598
v 0.452081 0.800808 -0.392847
v 0.647021 0.627053 -0.433783
v 0.452081 0.800808 -0.392847
v 0.288675 0.816497 -0.500000
v 0.494521 0.666667 -0.557678
v 0.647021 0.627053 -0.433783
v 0.452081 0.800808 -0.392847
v 0.494521 0.666667 -0.557678
v 0.647021 0.627053 -0.433783
v 0.494521 0.666667 -0.557678
v 0.666667 0.471405 -0.577350
v 0.910574 0.312460 -0.270598
v 0.783578 0.554073 -0.281085
v 0.806865 0.401000 -0.433783
v 0.783578 0.554073 -0.281085
v 0.598115 0.754344 -0.270598
v 0.647021 0.627053 -0.433783
v 0.806865 0.401000 -0.433783
v 0.783578 0.554073 -0.281085
v 0.647021 0.627053 -0.433783
v 0.806865 0.401000 -0.433783
v 0.647021 0.627053 -0.433783
v 0.666667 0.471405 -0.577350
v 0.910574 0.312460 -0.270598
v 0.806865 0.401000 -0.433783
v 0.905703 0.159291 -0.392847
v 0.806865 0.401000 -0.433783
v 0.666667 0.471405 -0.577350
v 0.793380 0.244017 -0.557678
v 0.905703 0.159291 -0.392847
v 0.806865 0.401000 -0.433783
v 0.793380 0.244017 -0.557678
v 0.905703 0.159291 -0.392847
v 0.793380 0.244017 -0.557678
v 0.866025 0.000000 -0.500000
v 0.288675 0.816497 -0.500000
v 0.114175 0.800808 -0.587938
v 0.235702 0.666667 -0.707107
v 0.114175 0.800808 -0.587938
v -0.064713 0.754344 -0.653282
v 0.052156 0.627053 -0.777228
v 0.235702 0.666667 -0.707107
v 0.114175 0.800808 -0.587938
v 0.052156 0.627053 -0.777228
v 0.235702 0.666667 -0.707107
v 0.052156 0.627053 -0.777228
v 0.166667 0.471405 -0.866025
v -0.064713 0.754344 -0.653282
v -0.241113 0.678892 -0.693520
v -0.148363 0.554073 -0.819141
v -0.241113 0.678892 -0.693520
v -0.408248 0.577350 -0.707107
v -0.320759 0.453621 -0.831470
v -0.148363 0.554073 -0.819141
v -0.241113 0.678892 -0.693520
v -0.320759 0.453621 -0.831470
v -0.148363 0.554073 -0.819141
v -0.320759 0.453621 -0.831470
v -0.220942 0.312460 -0.923880
v 0.166667 0.471405 -0.866025
v 0.052156 0.627053 -0.777228
v -0.027766 0.401000 -0.915657
v 0.052156 0.627053 -0.777228
v -0.064713 0.754344 -0.653282
v -0.148363 0.554073 -0.819141
v -0.027766 0.401000 -0.915657
v 0.052156 0.627053 -0.777228
v -0.148363 0.554073 -0.819141
v -0.027766 0.401000 -0.915657
v -0.148363 0.554073 -0.819141
v -0.220942 0.312460 -0.923880
v 0.166667 0.471405 -0.866025
v -0.027766 0.401000 -0.915657
v 0.086273 0.244017 -0.965926
v -0.027766 0.401000 -0.915657
v -0.220942 0.312460 -0.923880
v -0.112636 0.159291 -0.980785
v 0.086273 0.244017 -0.965926
v -0.027766 0.401000 -0.915657
v -0.112636 0.159291 -0.980785
v 0.086273 0.244017 -0.965926
v -0.112636 0.159291 -0.980785
v -0.000000 0.000000 -1.000000
v 0.866025 0.000000 -0.500000
v 0.793380 0.244017 -0.557678
v 0.707107 0.000000 -0.707107
v 0.793380 0.244017 -0.557678
v 0.666667 0.471405 -0.577350
v 0.609272 0.246183 -0.753778
v 0.707107 0.000000 -0.707107
v 0.793380 0.244017 -0.557678
v 0.609272 0.246183 -0.753778
v 0.707107 0.000000 -0.707107
v 0.609272 0.246183 -0.753778
v 0.500000 0.000000 -0.866025
v 0.666667 0.471405 -0.577350
v 0.494521 0.666667 -0.557678
v 0.435194 0.492366 -0.753778
v 0.494521 0.666667 -0.557678
v 0.288675 0.816497 -0.500000
v 0.235702 0.666667 -0.707107
v 0.435194 0.492366 -0.753778
v 0.494521 0.666667 -0.557678
v 0.235702 0.666667 -0.707107
v 0.435194 0.492366 -0.753778
v 0.235702 0.666667 -0.707107
v 0.166667 0.471405 -0.866025
v 0.500000 0.000000 -0.866025
v 0.609272 0.246183 -0.753778
v 0.348155 0.246183 -0.904534
v 0.609272 0.246183 -0.753778
v 0.666667 0.471405 -0.577350
v 0.435194 0.492366 -0.753778
v 0.348155 0.246183 -0.904534
v 0.609272 0.246183 -0.753778
v 0.435194 0.492366 -0.753778
v 0.348155 0.246183 -0.904534
v 0.435194 0.492366 -0.753778
v 0.166667 0.471405 -0.866025
v 0.500000 0.000000 -0.866025
v 0.348155 0.246183 -0.904534
v 0.258819 0.000000 -0.965926
v 0.348155 0.246183 -0.904534
v 0.166667 0.471405 -0.866025
v 0.086273 0.244017 -0.965926
v 0.258819 0.000000 -0.965926
v 0.348155 0.246183 -0.904534
v 0.086273 0.244017 -0.965926
v 0.258819 0.000000 -0.965926
v 0.086273 0.244017 -0.965926
v -0.000000 0.000000 -1.000000
v 0.866025 0.000000 -0.500000
v 0.707107 0.000000 -0.707107
v 0.793067 -0.159291 -0.587938
v 0.707107 0.000000 -0.707107
v 0.500000 0.000000 -0.866025
v 0.608577 -0.159844 -0.777228
v 0.793067 -0.159291 -0.587938
v 0.707107 0.000000 -0.707107
v 0.608577 -0.159844 -0.777228
v 0.793067 -0.159291 -0.587938
v 0.608577 -0.159844 -0.777228
v 0.689632 -0.312460 -0.653282
v 0.500000 0.000000 -0.866025
v 0.258819 0.000000 -0.965926
v 0.368811 -0.159844 -0.915657
v 0.258819 0.000000 -0.965926
v -0.000000 0.000000 -1.000000
v 0.112635 -0.159291 -0.980785
v 0.368811 -0.159844 -0.915657
v 0.258819 0.000000 -0.965926
v 0.112635 -0.159291 -0.980785
v 0.368811 -0.159844 -0.915657
v 0.112635 -0.159291 -0.980785
v 0.220942 -0.312460 -0.923880
v 0.689632 -0.312460 -0.653282
v 0.608577 -0.159844 -0.777228
v 0.472931 -0.324569 -0.819141
v 0.608577 -0.159844 -0.777228
v 0.500000 0.000000 -0.866025
v 0.368811 -0.159844 -0.915657
v 0.472931 -0.324569 -0.819141
v 0.608577 -0.159844 -0.777228
v 0.368811 -0.159844 -0.915657
v 0.472931 -0.324569 -0.819141
v 0.368811 -0.159844 -0.915657
v 0.220942 -0.312460 -0.923880
v 0.689632 -0.312460 -0.653282
v 0.472931 -0.324569 -0.819141
v 0.559694 -0.453621 -0.693520
v 0.472931 -0.324569 -0.819141
v 0.220942 -0.312460 -0.923880
v 0.320759 -0.453621 -0.831470
v 0.559694 -0.453621 -0.693520
v 0.472931 -0.324569 -0.819141
v 0.320759 -0.453621 -0.831470
v 0.559694 -0.453621 -0.693520
v 0.320759 -0.453621 -0.831470
v 0.408248 -0.577350 -0.707107
v 0.816497 0.577350 0.000000
v 0.910574 0.312460 -0.270598
v 0.929902 0.367808 0.000000
v 0.910574 0.312460 -0.270598
v 0.866025 0.000000 -0.500000
v 0.963139 0.071273 -0.259390
v 0.929902 0.367808 0.000000
v 0.910574 0.312460 -0.270598
v 0.963139 0.071273 -0.259390
v 0.929902 0.367808 0.000000
v 0.963139 0.071273 -0.259390
v 0.990518 0.137385 0.000000
v 0.866025 0.000000 -0.500000
v 0.689632 -0.312460 -0.653282
v 0.843897 -0.265994 -0.465924
v 0.689632 -0.312460 -0.653282
v 0.408248 -0.577350 -0.707107
v 0.601532 -0.560963 -0.568753
v 0.843897 -0.265994 -0.465924
v 0.689632 -0.312460 -0.653282
v 0.601532 -0.560963 -0.568753
v 0.843897 -0.265994 -0.465924
v 0.601532 -0.560963 -0.568753
v 0.760667 -0.512730 -0.398113
v 0.990518 0.137385 0.000000
v 0.963139 0.071273 -0.259390
v 0.954494 -0.204584 -0.216994
v 0.963139 0.071273 -0.259390
v 0.866025 0.000000 -0.500000
v 0.843897 -0.265994 -0.465924
v 0.954494 -0.204584 -0.216994
v 0.963139 0.071273 -0.259390
v 0.843897 -0.265994 -0.465924
v 0.954494 -0.204584 -0.216994
v 0.843897 -0.265994 -0.465924
v 0.760667 -0.512730 -0.398113
v 0.990518 0.137385 0.000000
v 0.954494 -0.204584 -0.216994
v 0.994903 -0.100836 0.000000
v 0.954494 -0.204584 -0.216994
v 0.760667 -0.512730 -0.398113
v 0.876620 -0.435390 -0.204871
v 0.994903 -0.100836 0.000000
v 0.954494 -0.204584 -0.216994
v 0.876620 -0.435390 -0.204871
v 0.994903 -0.100836 0.000000
v 0.876620 -0.435390 -0.204871
v 0.942809 -0.333333 0.000000
v 0.000000 1.000000 0.000000
v -0.118283 0.971616 0.204871
v -0.118283 0.971616 -0.204871
v -0.118283 0.971616 0.204871
v -0.229850 0.888074 0.398113
v -0.250563 0.968100 0.000000
v -0.118283 0.971616 -0.204871
v -0.118283 0.971616 0.204871
v -0.250563 0.968100 0.000000
v -0.118283 0.971616 -0.204871
v -0.250563 0.968100 0.000000
v -0.229850 0.888074 -0.398113
v -0.229850 0.888074 0.398113
v -0.328370 0.754117 0.568753
v -0.418760 0.884299 0.206533
v -0.328370 0.754117 0.568753
v -0.408248 0.577350 0.707107
v -0.533402 0.754344 0.382684
v -0.418760 0.884299 0.206533
v -0.328370 0.754117 0.568753
v -0.533402 0.754344 0.382684
v -0.418760 0.884299 0.206533
v -0.533402 0.754344 0.382684
v -0.577350 0.816497 0.000000
v -0.229850 0.888074 -0.398113
v -0.250563 0.968100 0.000000
v -0.418760 0.884299 -0.206533
v -0.250563 0.968100 0.000000
v -0.229850 0.888074 0.398113
v -0.418760 0.884299 0.206533
v -0.418760 0.884299 -0.206533
v -0.250563 0.968100 0.000000
v -0.418760 0.884299 0.206533
v -0.418760 0.884299 -0.206533
v -0.418760 0.884299 0.206533
v -0.577350 0.816497 0.000000
v -0.229850 0.888074 -0.398113
v -0.418760 0.884299 -0.206533
v -0.328370 0.754117 -0.568753
v -0.418760 0.884299 -0.206533
v -0.577350 0.816497 0.000000
v -0.533402 0.754344 -0.382683
v -0.328370 0.754117 -0.568753
v -0.418760 0.884299 -0.206533
v -0.533402 0.754344 -0.382683
v -0.328370 0.754117 -0.568753
v -0.533402 0.754344 -0.382683
v -0.408248 0.577350 -0.707107
v -0.408248 0.577350 0.707107
v -0.464951 0.367808 0.805319
v -0.689632 0.312460 0.653282
v -0.464951 0.367808 0.805319
v -0.495259 0.137385 0.857814
v -0.706208 0.071273 0.704408
v -0.689632 0.312460 0.653282
v -0.464951 0.367808 0.805319
v -0.706208 0.071273 0.704408
v -0.689632 0.312460 0.653282
v -0.706208 0.071273 0.704408
v -0.866025 -0.000000 0.500000
v -0.495259 0.137385 0.857814
v -0.497451 -0.100836 0.861611
v -0.665169 -0.204584 0.718119
v -0.497451 -0.100836 0.861611
v -0.471404 -0.333333 0.816497
v -0.615734 -0.435390 0.656740
v -0.665169 -0.204584 0.718119
v -0.497451 -0.100836 0.861611
v -0.615734 -0.435390 0.656740
v -0.665169 -0.204584 0.718119
v -0.615734 -0.435390 0.656740
v -0.725109 -0.512730 0.459701
v -0.866025 -0.000000 0.500000
v -0.706208 0.071273 0.704408
v -0.825450 -0.265994 0.497875
v -0.706208 0.071273 0.704408
v -0.495259 0.137385 0.857814
v -0.665169 -0.204584 0.718119
v -0.825450 -0.265994 0.497875
v -0.706208 0.071273 0.704408
v -0.665169 -0.204584 0.718119
v -0.825450 -0.265994 0.497875
v -0.665169 -0.204584 0.718119
v -0.725109 -0.512730 0.459701
v -0.866025 -0.000000 0.500000
v -0.825450 -0.265994 0.497875
v -0.910574 -0.312460 0.270598
v -0.825450 -0.265994 0.497875
v -0.725109 -0.512730 0.459701
v -0.793321 -0.560963 0.236565
v -0.910574 -0.312460 0.270598
v -0.825450 -0.265994 0.497875
v -0.793321 -0.560963 0.236565
v -0.910574 -0.312460 0.270598
v -0.793321 -0.560963 0.236565
v -0.816497 -0.577350 0.000000
v -0.408248 0.577350 -0.707107
v -0.480049 0.678892 -0.555570
v -0.559695 0.453621 -0.693520
v -0.480049 0.678892 -0.555570
v -0.533402 0.754344 -0.382683
v -0.635215 0.554073 -0.538056
v -0.559695 0.453621 -0.693520
v -0.480049 0.678892 -0.555570
v -0.635215 0.554073 -0.538056
v -0.559695 0.453621 -0.693520
v -0.635215 0.554073 -0.538056
v -0.689632 0.312460 -0.653281
v -0.533402 0.754344 -0.382683
v -0.566257 0.800808 -0.195090
v -0.699178 0.627053 -0.343445
v -0.566257 0.800808 -0.195090
v -0.577350 0.816497 0.000000
v -0.730224 0.666667 -0.149429
v -0.699178 0.627053 -0.343445
v -0.566257 0.800808 -0.195090
v -0.730224 0.666667 -0.149429
v -0.699178 0.627053 -0.343445
v -0.730224 0.666667 -0.149429
v -0.833333 0.471404 -0.288675
v -0.689632 0.312460 -0.653281
v -0.635215 0.554073 -0.538056
v -0.779100 0.401000 -0.481874
v -0.635215 0.554073 -0.538056
v -0.533402 0.754344 -0.382683
v -0.699178 0.627053 -0.343445
v -0.779100 0.401000 -0.481874
v -0.635215 0.554073 -0.538056
v -0.699178 0.627053 -0.343445
v -0.779100 0.401000 -0.481874
v -0.699178 0.627053 -0.343445
v -0.833333 0.471404 -0.288675
v -0.689632 0.312460 -0.653281
v -0.779100 0.401000 -0.481874
v -0.793067 0.159291 -0.587938
v -0.779100 0.401000 -0.481874
v -0.833333 0.471404 -0.288675
v -0.879653 0.244017 -0.408248
v -0.793067 0.159291 -0.587938
v -0.779100 0.401000 -0.481874
v -0.879653 0.244017 -0.408248
v -0.793067 0.159291 -0.587938
v -0.879653 0.244017 -0.408248
v -0.866025 0.000000 -0.500000
v -0.577350 0.816497 0.000000
v -0.566257 0.800808 0.195090
v -0.730224 0.666667 0.149429
v -0.566257 0.800808 0.195090
v -0.533402 0.754344 0.382684
v -0.699178 0.627053 0.343445
v -0.730224 0.666667 0.149429
v -0.566257 0.800808 0.195090
v -0.699178 0.627053 0.343445
v -0.730224 0.666667 0.149429
v -0.699178 0.627053 0.343445
v -0.833333 0.471404 0.288675
v -0.533402 0.754344 0.382684
v -0.480049 0.678892 0.555570
v -0.635215 0.554073 0.538056
v -0.480049 0.678892 0.555570
v -0.408248 0.577350 0.707107
v -0.559694 0.453621 0.693520
v -0.635215 0.554073 0.538056
v -0.480049 0.678892 0.555570
v -0.559694 0.453621 0.693520
v -0.635215 0.554073 0.538056
v -0.559694 0.453621 0.693520
v -0.689632 0.312460 0.653282
v -0.833333 0.471404 0.288675
v -0.699178 0.627053 0.343445
v -0.779100 0.401000 0.481875
v -0.699178 0.627053 0.343445
v -0.533402 0.754344 0.382684
v -0.635215 0.554073 0.538056
v -0.779100 0.401000 0.481875
v -0.699178 0.627053 0.343445
v -0.635215 0.554073 0.538056
v -0.779100 0.401000 0.481875
v -0.635215 0.554073 0.538056
v -0.689632 0.312460 0.653282
v -0.833333 0.471404 0.288675
v -0.779100 0.401000 0.481875
v -0.879653 0.244017 0.408248
v -0.779100 0.401000 0.481875
v -0.689632 0.312460 0.653282
v -0.793067 0.159291 0.587938
v -0.879653 0.244017 0.408248
v -0.779100 0.401000 0.481875
v -0.793067 0.159291 0.587938
v -0.879653 0.244017 0.408248
v -0.793067 0.159291 0.587938
v -0.866025 0.000000 0.500000
v -0.866025 0.000000 -0.500000
v -0.879653 0.244017 -0.408248
v -0.965926 0.000000 -0.258819
v -0.879653 0.244017 -0.408248
v -0.833333 0.471404 -0.288675
v -0.957427 0.246183 -0.150756
v -0.965926 0.000000 -0.258819
v -0.879653 0.244017 -0.408248
v -0.957427 0.246183 -0.150756
v -0.965926 0.000000 -0.258819
v -0.957427 0.246183 -0.150756
v -1.000000 0.000000 0.000000
v -0.833333 0.471404 -0.288675
v -0.730224 0.666667 -0.149429
v -0.870388 0.492366 0.000000
v -0.730224 0.666667 -0.149429
v -0.577350 0.816497 0.000000
v -0.730224 0.666667 0.149429
v -0.870388 0.492366 0.000000
v -0.730224 0.666667 -0.149429
v -0.730224 0.666667 0.149429
v -0.870388 0.492366 0.000000
v -0.730224 0.666667 0.149429
v -0.833333 0.471404 0.288675
v -1.000000 0.000000 0.000000
v -0.957427 0.246183 -0.150756
v -0.957427 0.246183 0.150756
v -0.957427 0.246183 -0.150756
v -0.833333 0.471404 -0.288675
v -0.870388 0.492366 0.000000
v -0.957427 0.246183 0.150756
v -0.957427 0.246183 -0.150756
v -0.870388 0.492366 0.000000
v -0.957427 0.246183 0.150756
v -0.870388 0.492366 0.000000
v -0.833333 0.471404 0.288675
v -1.000000 0.000000 0.000000
v -0.957427 0.246183 0.150756
v -0.965926 0.000000 0.258819
v -0.957427 0.246183 0.150756
v -0.833333 0.471404 0.288675
v -0.879653 0.244017 0.408248
v -0.965926 0.000000 0.258819
v -0.957427 0.246183 0.150756
v -0.879653 0.244017 0.408248
v -0.965926 0.000000 0.258819
v -0.879653 0.244017 0.408248
v -0.866025 0.000000 0.500000
v -0.866025 0.000000 -0.500000
v -0.965926 0.000000 -0.258819
v -0.905703 -0.159291 -0.392847
v -0.965926 0.000000 -0.258819
v -1.000000 0.000000 0.000000
v -0.977388 -0.159844 -0.138429
v -0.905703 -0.159291 -0.392847
v -0.965926 0.000000 -0.258819
v -0.977388 -0.159844 -0.138429
v -0.905703 -0.159291 -0.392847
v -0.977388 -0.159844 -0.138429
v -0.910574 -0.312460 -0.270598
v -1.000000 0.000000 0.000000
v -0.965926 0.000000 0.258819
v -0.977388 -0.159844 0.138429
v -0.965926 0.000000 0.258819
v -0.866025 0.000000 0.500000
v -0.905703 -0.159291 0.392848
v -0.977388 -0.159844 0.138429
v -0.965926 0.000000 0.258819
v -0.905703 -0.159291 0.392848
v -0.977388 -0.159844 0.138429
v -0.905703 -0.159291 0.392848
v -0.910574 -0.312460 0.270598
v -0.910574 -0.312460 -0.270598
v -0.977388 -0.159844 -0.138429
v -0.945862 -0.324569 0.000000
v -0.977388 -0.159844 -0.138429
v -1.000000 0.000000 0.000000
v -0.977388 -0.159844 0.138429
v -0.945862 -0.324569 0.000000
v -0.977388 -0.159844 -0.138429
v -0.977388 -0.159844 0.138429
v -0.945862 -0.324569 0.000000
v -0.977388 -0.159844 0.138429
v -0.910574 -0.312460 0.270598
v -0.910574 -0.312460 -0.270598
v -0.945862 -0.324569 0.000000
v -0.880453 -0.453621 -0.137950
v -0.945862 -0.324569 0.000000
v -0.910574 -0.312460 0.270598
v -0.880453 -0.453621 0.137950
v -0.880453 -0.453621 -0.137950
v -0.945862 -0.324569 0.000000
v -0.880453 -0.453621 0.137950
v -0.880453 -0.453621 -0.137950
v -0.880453 -0.453621 0.137950
v -0.816497 -0.577350 0.000000
v -0.408248 0.577350 -0.707107
v -0.689632 0.312460 -0.653281
v -0.464951 0.367808 -0.805319
v -0.689632 0.312460 -0.653281
v -0.866025 0.000000 -0.500000
v -0.706208 0.071273 -0.704408
v -0.464951 0.367808 -0.805319
v -0.689632 0.312460 -0.653281
v -0.706208 0.071273 -0.704408
v -0.464951 0.367808 -0.805319
v -0.706208 0.071273 -0.704408
v -0.495259 0.137386 -0.857813
v -0.866025 0.000000 -0.500000
v -0.910574 -0.312460 -0.270598
v -0.825450 -0.265994 -0.497874
v -0.910574 -0.312460 -0.270598
v -0.816497 -0.577350 0.000000
v -0.793321 -0.560962 -0.236565
v -0.825450 -0.265994 -0.497874
v -0.910574 -0.312460 -0.270598
v -0.793321 -0.560962 -0.236565
v -0.825450 -0.265994 -0.497874
v -0.793321 -0.560962 -0.236565
v -0.725109 -0.512730 -0.459701
v -0.495259 0.137386 -0.857813
v -0.706208 0.071273 -0.704408
v -0.665169 -0.204584 -0.718119
v -0.706208 0.071273 -0.704408
v -0.866025 0.000000 -0.500000
v -0.825450 -0.265994 -0.497874
v -0.665169 -0.204584 -0.718119
v -0.706208 0.071273 -0.704408
v -0.825450 -0.265994 -0.497874
v -0.665169 -0.204584 -0.718119
v -0.825450 -0.265994 -0.497874
v -0.725109 -0.512730 -0.459701
v -0.495259 0.137386 -0.857813
v -0.665169 -0.204584 -0.718119
v -0.497452 -0.100836 -0.861611
v -0.665169 -0.204584 -0.718119
v -0.725109 -0.512730 -0.459701
v -0.615734 -0.435390 -0.656740
v -0.497452 -0.100836 -0.861611
v -0.665169 -0.204584 -0.718119
v -0.615734 -0.435390 -0.656740
v -0.497452 -0.100836 -0.861611
v -0.615734 -0.435390 -0.656740
v -0.471405 -0.333333 -0.816497
v 0.000000 1.000000 0.000000
v 0.236565 0.971616 0.000000
v -0.118283 0.971616 0.204871
v 0.236565 0.971616 0.000000
v 0.459701 0.888074 0.000000
v 0.125281 0.968100 0.216994
v -0.118283 0.971616 0.204871
v 0.236565 0.971616 0.000000
v 0.125281 0.968100 0.216994
v -0.118283 0.971616 0.204871
v 0.125281 0.968100 0.216994
v -0.229850 0.888074 0.398113
v 0.459701 0.888074 0.000000
v 0.656740 0.754117 0.000000
v 0.388243 0.884299 0.259390
v 0.656740 0.754117 0.000000
v 0.816497 0.577350 0.000000
v 0.598115 0.754344 0.270598
v 0.388243 0.884299 0.259390
v 0.656740 0.754117 0.000000
v 0.598115 0.754344 0.270598
v 0.388243 0.884299 0.259390
v 0.598115 0.754344 0.270598
v 0.288675 0.816497 0.500000
v -0.229850 0.888074 0.398113
v 0.125281 0.968100 0.216994
v 0.030517 0.884299 0.465924
v 0.125281 0.968100 0.216994
v 0.459701 0.888074 0.000000
v 0.388243 0.884299 0.259390
v 0.030517 0.884299 0.465924
v 0.125281 0.968100 0.216994
v 0.388243 0.884299 0.259390
v 0.030517 0.884299 0.465924
v 0.388243 0.884299 0.259390
v 0.288675 0.816497 0.500000
v -0.229850 0.888074 0.398113
v 0.030517 0.884299 0.465924
v -0.328370 0.754117 0.568753
v 0.030517 0.884299 0.465924
v 0.288675 0.816497 0.500000
v -0.064712 0.754344 0.653282
v -0.328370 0.754117 0.568753
v 0.030517 0.884299 0.465924
v -0.064712 0.754344 0.653282
v -0.328370 0.754117 0.568753
v -0.064712 0.754344 0.653282
v -0.408248 0.577350 0.707107
v 0.816497 0.577350 0.000000
v 0.929902 0.367808 0.000000
v 0.910574 0.312460 0.270598
v 0.929902 0.367808 0.000000
v 0.990518 0.137385 0.000000
v 0.963139 0.071273 0.259390
v 0.910574 0.312460 0.270598
v 0.929902 0.367808 0.000000
v 0.963139 0.071273 0.259390
v 0.910574 0.312460 0.270598
v 0.963139 0.071273 0.259390
v 0.866025 0.000000 0.500000
v 0.990518 0.137385 0.000000
v 0.994903 -0.100836 0.000000
v 0.954494 -0.204584 0.216994
v 0.994903 -0.100836 0.000000
v 0.942809 -0.333333 0.000000
v 0.876620 -0.435390 0.204871
v 0.954494 -0.204584 0.216994
v 0.994903 -0.100836 0.000000
v 0.876620 -0.435390 0.204871
v 0.954494 -0.204584 0.216994
v 0.876620 -0.435390 0.204871
v 0.760667 -0.512730 0.398113
v 0.866025 0.000000 0.500000
v 0.963139 0.071273 0.259390
v 0.843897 -0.265994 0.465924
v 0.963139 0.071273 0.259390
v 0.990518 0.137385 0.000000
v 0.954494 -0.204584 0.216994
v 0.843897 -0.265994 0.465924
v 0.963139 0.071273 0.259390
v 0.954494 -0.204584 0.216994
v 0.843897 -0.265994 0.465924
v 0.954494 -0.204584 0.216994
v 0.760667 -0.512730 0.398113
v 0.866025 0.000000 0.500000
v 0.843897 -0.265994 0.465924
v 0.689632 -0.312460 0.653281
v 0.843897 -0.265994 0.465924
v 0.760667 -0.512730 0.398113
v 0.601532 -0.560962 0.568753
v 0.689632 -0.312460 0.653281
v 0.843897 -0.265994 0.465924
v 0.601532 -0.560962 0.568753
v 0.689632 -0.312460 0.653281
v 0.601532 -0.560962 0.568753
v 0.408248 -0.577350 0.707107
v -0.408248 0.577350 0.707107
v -0.241113 0.678892 0.693520
v -0.320759 0.453621 0.831470
v -0.241113 0.678892 0.693520
v -0.064712 0.754344 0.653282
v -0.148362 0.554073 0.819141
v -0.320759 0.453621 0.831470
v -0.241113 0.678892 0.693520
v -0.148362 0.554073 0.819141
v -0.320759 0.453621 0.831470
v -0.148362 0.554073 0.819141
v -0.220942 0.312460 0.923880
v -0.064712 0.754344 0.653282
v 0.114175 0.800808 0.587938
v 0.052157 0.627053 0.777228
v 0.114175 0.800808 0.587938
v 0.288675 0.816497 0.500000
v 0.235702 0.666667 0.707107
v 0.052157 0.627053 0.777228
v 0.114175 0.800808 0.587938
v 0.235702 0.666667 0.707107
v 0.052157 0.627053 0.777228
v 0.235702 0.666667 0.707107
v 0.166667 0.471405 0.866025
v -0.220942 0.312460 0.923880
v -0.148362 0.554073 0.819141
v -0.027766 0.401000 0.915657
v -0.148362 0.554073 0.819141
v -0.064712 0.754344 0.653282
v 0.052157 0.627053 0.777228
v -0.027766 0.401000 0.915657
v -0.148362 0.554073 0.819141
v 0.052157 0.627053 0.777228
v -0.027766 0.401000 0.915657
v 0.052157 0.627053 0.777228
v 0.166667 0.471405 0.866025
v -0.220942 0.312460 0.923880
v -0.027766 0.401000 0.915657
v -0.112635 0.159291 0.980785
v -0.027766 0.401000 0.915657
v 0.166667 0.471405 0.866025
v 0.086273 0.244017 0.965926
v -0.112635 0.159291 0.980785
v -0.027766 0.401000 0.915657
v 0.086273 0.244017 0.965926
v -0.112635 0.159291 0.980785
v 0.086273 0.244017 0.965926
v 0.000000 0.000000 1.000000
v 0.288675 0.816497 0.500000
v 0.452082 0.800808 0.392847
v 0.494521 0.666667 0.557678
v 0.452082 0.800808 0.392847
v 0.598115 0.754344 0.270598
v 0.647021 0.627053 0.433783
v 0.494521 0.666667 0.557678
v 0.452082 0.800808 0.392847
v 0.647021 0.627053 0.433783
v 0.494521 0.666667 0.557678
v 0.647021 0.627053 0.433783
v 0.666667 0.471404 0.577350
v 0.598115 0.754344 0.270598
v 0.721163 0.678892 0.137950
v 0.783578 0.554073 0.281085
v 0.721163 0.678892 0.137950
v 0.816497 0.577350 0.000000
v 0.880453 0.453621 0.137950
v 0.783578 0.554073 0.281085
v 0.721163 0.678892 0.137950
v 0.880453 0.453621 0.137950
v 0.783578 0.554073 0.281085
v 0.880453 0.453621 0.137950
v 0.910574 0.312460 0.270598
v 0.666667 0.471404 0.577350
v 0.647021 0.627053 0.433783
v 0.806865 0.401000 0.433783
v 0.647021 0.627053 0.433783
v 0.598115 0.754344 0.270598
v 0.783578 0.554073 0.281085
v 0.806865 0.401000 0.433783
v 0.647021 0.627053 0.433783
v 0.783578 0.554073 0.281085
v 0.806865 0.401000 0.433783
v 0.783578 0.554073 0.281085
v 0.910574 0.312460 0.270598
v 0.666667 0.471404 0.577350
v 0.806865 0.401000 0.433783
v 0.793380 0.244017 0.557678
v 0.806865 0.401000 0.433783
v 0.910574 0.312460 0.270598
v 0.905703 0.159291 0.392847
v 0.793380 0.244017 0.557678
v 0.806865 0.401000 0.433783
v 0.905703 0.159291 0.392847
v 0.793380 0.244017 0.557678
v 0.905703 0.159291 0.392847
v 0.866025 0.000000 0.500000
v 0.000000 0.000000 1.000000
v 0.086273 0.244017 0.965926
v 0.258819 0.000000 0.965926
v 0.086273 0.244017 0.965926
v 0.166667 0.471405 0.866025
v 0.348155 0.246183 0.904534
v 0.258819 0.000000 0.965926
v 0.086273 0.244017 0.965926
v 0.348155 0.246183 0.904534
v 0.258819 0.000000 0.965926
v 0.348155 0.246183 0.904534
v 0.500000 0.000000 0.866025
v 0.166667 0.471405 0.866025
v 0.235702 0.666667 0.707107
v 0.435194 0.492366 0.753778
v 0.235702 0.666667 0.707107
v 0.288675 0.816497 0.500000
v 0.494521 0.666667 0.557678
v 0.435194 0.492366 0.753778
v 0.235702 0.666667 0.707107
v 0.494521 0.666667 0.557678
v 0.435194 0.492366 0.753778
v 0.494521 0.666667 0.557678
v 0.666667 0.471404 0.577350
v 0.500000 0.000000 0.866025
v 0.348155 0.246183 0.904534
v 0.609272 0.246183 0.753778
v 0.348155 0.246183 0.904534
v 0.166667 0.471405 0.866025
v 0.435194 0.492366 0.753778
v 0.609272 0.246183 0.753778
v 0.348155 0.246183 0.904534
v 0.435194 0.492366 0.753778
v 0.609272 0.246183 0.753778
v 0.435194 0.492366 0.753778
v 0.666667 0.471404 0.577350
v 0.500000 0.000000 0.866025
v 0.609272 0.246183 0.753778
v 0.707107 0.000000 0.707107
v 0.609272 0.246183 0.753778
v 0.666667 0.471404 0.577350
v 0.793380 0.244017 0.557678
v 0.707107 0.000000 0.707107
v 0.609272 0.246183 0.753778
v 0.793380 0.244017 0.557678
v 0.707107 0.000000 0.707107
v 0.793380 0.244017 0.557678
v 0.866025 0.000000 0.500000
v 0.000000 0.000000 1.000000
v 0.258819 0.000000 0.965926
v 0.112636 -0.159291 0.980785
v 0.258819 0.000000 0.965926
v 0.500000 0.000000 0.866025
v 0.368811 -0.159844 0.915657
v 0.112636 -0.159291 0.980785
v 0.258819 0.000000 0.965926
v 0.368811 -0.159844 0.915657
v 0.112636 -0.159291 0.980785
v 0.368811 -0.159844 0.915657
v 0.220942 -0.312460 0.923880
v 0.500000 0.000000 0.866025
v 0.707107 0.000000 0.707107
v 0.608577 -0.159844 0.777228
v 0.707107 0.000000 0.707107
v 0.866025 0.000000 0.500000
v 0.793067 -0.159291 0.587938
v 0.608577 -0.159844 0.777228
v 0.707107 0.000000 0.707107
v 0.793067 -0.159291 0.587938
v 0.608577 -0.159844 0.777228
v 0.793067 -0.159291 0.587938
v 0.689632 -0.312460 0.653281
v 0.220942 -0.312460 0.923880
v 0.368811 -0.159844 0.915657
v 0.472931 -0.324569 0.819141
v 0.368811 -0.159844 0.915657
v 0.500000 0.000000 0.866025
v 0.608577 -0.159844 0.777228
v 0.472931 -0.324569 0.819141
v 0.368811 -0.159844 0.915657
v 0.608577 -0.159844 0.777228
v 0.472931 -0.324569 0.819141
v 0.608577 -0.159844 0.777228
v 0.689632 -0.312460 0.653281
v 0.220942 -0.312460 0.923880
v 0.472931 -0.324569 0.819141
v 0.320759 -0.453621 0.831470
v 0.472931 -0.324569 0.819141
v 0.689632 -0.312460 0.653281
v 0.559695 -0.453621 0.693520
v 0.320759 -0.453621 0.831470
v 0.472931 -0.324569 0.819141
v 0.559695 -0.453621 0.693520
v 0.320759 -0.453621 0.831470
v 0.559695 -0.453621 0.693520
v 0.408248 -0.577350 0.707107
v -0.408248 0.577350 0.707107
v -0.220942 0.312460 0.923880
v -0.464951 0.367808 0.805319
v -0.220942 0.312460 0.923880
v 0.000000 0.000000 1.000000
v -0.256931 0.071273 0.963798
v -0.464951 0.367808 0.805319
v -0.220942 0.312460 0.923880
v -0.256931 0.071273 0.963798
v -0.464951 0.367808 0.805319
v -0.256931 0.071273 0.963798
v -0.495259 0.137386 0.857814
v 0.000000 0.000000 1.000000
v 0.220942 -0.312460 0.923880
v -0.018447 -0.265994 0.963798
v 0.220942 -0.312460 0.923880
v 0.408248 -0.577350 0.707107
v 0.191789 -0.560962 0.805319
v -0.018447 -0.265994 0.963798
v 0.220942 -0.312460 0.923880
v 0.191789 -0.560962 0.805319
v -0.018447 -0.265994 0.963798
v 0.191789 -0.560962 0.805319
v -0.035558 -0.512730 0.857813
v -0.495259 0.137386 0.857814
v -0.256931 0.071273 0.963798
v -0.289325 -0.204584 0.935113
v -0.256931 0.071273 0.963798
v 0.000000 0.000000 1.000000
v -0.018447 -0.265994 0.963798
v -0.289325 -0.204584 0.935113
v -0.256931 0.071273 0.963798
v -0.018447 -0.265994 0.963798
v -0.289325 -0.204584 0.935113
v -0.018447 -0.265994 0.963798
v -0.035558 -0.512730 0.857813
v -0.495259 0.137386 0.857814
v -0.289325 -0.204584 0.935113
v -0.497451 -0.100836 0.861611
v -0.289325 -0.204584 0.935113
v -0.035558 -0.512730 0.857813
v -0.260886 -0.435390 0.861611
v -0.497451 -0.100836 0.861611
v -0.289325 -0.204584 0.935113
v -0.260886 -0.435390 0.861611
v -0.497451 -0.100836 0.861611
v -0.260886 -0.435390 0.861611
v -0.471404 -0.333333 0.816497
v 0.942809 -0.333333 0.000000
v 0.876620 -0.435390 -0.204871
v 0.876620 -0.435390 0.204871
v 0.876620 -0.435390 -0.204871
v 0.760667 -0.512730 -0.398113
v 0.829213 -0.558933 0.000000
v 0.876620 -0.435390 0.204871
v 0.876620 -0.435390 -0.204871
v 0.829213 -0.558933 0.000000
v 0.876620 -0.435390 0.204871
v 0.829213 -0.558933 0.000000
v 0.760667 -0.512730 0.398113
v 0.760667 -0.512730 -0.398113
v 0.601532 -0.560963 -0.568753
v 0.694138 -0.689577 -0.206533
v 0.601532 -0.560963 -0.568753
v 0.408248 -0.577350 -0.707107
v 0.533402 -0.754345 -0.382683
v 0.694138 -0.689577 -0.206533
v 0.601532 -0.560963 -0.568753
v 0.533402 -0.754345 -0.382683
v 0.694138 -0.689577 -0.206533
v 0.533402 -0.754345 -0.382683
v 0.577350 -0.816497 0.000000
v 0.760667 -0.512730 0.398113
v 0.829213 -0.558933 0.000000
v 0.694138 -0.689577 0.206533
v 0.829213 -0.558933 0.000000
v 0.760667 -0.512730 -0.398113
v 0.694138 -0.689577 -0.206533
v 0.694138 -0.689577 0.206533
v 0.829213 -0.558933 0.000000
v 0.694138 -0.689577 -0.206533
v 0.694138 -0.689577 0.206533
v 0.694138 -0.689577 -0.206533
v 0.577350 -0.816497 0.000000
v 0.760667 -0.512730 0.398113
v 0.694138 -0.689577 0.206533
v 0.601532 -0.560963 0.568753
v 0.694138 -0.689577 0.206533
v 0.577350 -0.816497 0.000000
v 0.533402 -0.754344 0.382683
v 0.601532 -0.560963 0.568753
v 0.694138 -0.689577 0.206533
v 0.533402 -0.754344 0.382683
v 0.601532 -0.560963 0.568753
v 0.533402 -0.754344 0.382683
v 0.408248 -0.577350 0.707107
v 0.408248 -0.577350 -0.707107
v 0.191789 -0.560963 -0.805319
v 0.064713 -0.754345 -0.653281
v 0.191789 -0.560963 -0.805319
v -0.035558 -0.512730 -0.857813
v -0.168206 -0.689577 -0.704408
v 0.064713 -0.754345 -0.653281
v 0.191789 -0.560963 -0.805319
v -0.168206 -0.689577 -0.704408
v 0.064713 -0.754345 -0.653281
v -0.168206 -0.689577 -0.704408
v -0.288675 -0.816497 -0.500000
v -0.035558 -0.512730 -0.857813
v -0.260886 -0.435390 -0.861611
v -0.414606 -0.558933 -0.718119
v -0.260886 -0.435390 -0.861611
v -0.471405 -0.333333 -0.816497
v -0.615734 -0.435390 -0.656740
v -0.414606 -0.558933 -0.718119
v -0.260886 -0.435390 -0.861611
v -0.615734 -0.435390 -0.656740
v -0.414606 -0.558933 -0.718119
v -0.615734 -0.435390 -0.656740
v -0.725109 -0.512730 -0.459701
v -0.288675 -0.816497 -0.500000
v -0.168206 -0.689577 -0.704408
v -0.525932 -0.689577 -0.497874
v -0.168206 -0.689577 -0.704408
v -0.035558 -0.512730 -0.857813
v -0.414607 -0.558933 -0.718119
v -0.525932 -0.689577 -0.497874
v -0.168206 -0.689577 -0.704408
v -0.414607 -0.558933 -0.718119
v -0.525932 -0.689577 -0.497874
v -0.414607 -0.558933 -0.718119
v -0.725109 -0.512730 -0.459701
v -0.288675 -0.816497 -0.500000
v -0.525932 -0.689577 -0.497874
v -0.598115 -0.754345 -0.270598
v -0.525932 -0.689577 -0.497874
v -0.725109 -0.512730 -0.459701
v -0.793321 -0.560962 -0.236565
v -0.598115 -0.754345 -0.270598
v -0.525932 -0.689577 -0.497874
v -0.793321 -0.560962 -0.236565
v -0.598115 -0.754345 -0.270598
v -0.793321 -0.560962 -0.236565
v -0.816497 -0.577350 0.000000
v 0.408248 -0.577350 0.707107
v 0.480049 -0.678892 0.555570
v 0.241113 -0.678892 0.693520
v 0.480049 -0.678892 0.555570
v 0.533402 -0.754344 0.382683
v 0.310647 -0.783578 0.538056
v 0.241113 -0.678892 0.693520
v 0.480049 -0.678892 0.555570
v 0.310647 -0.783578 0.538056
v 0.241113 -0.678892 0.693520
v 0.310647 -0.783578 0.538056
v 0.064713 -0.754344 0.653282
v 0.533402 -0.754344 0.382683
v 0.566257 -0.800808 0.195090
v 0.358132 -0.868209 0.343445
v 0.566257 -0.800808 0.195090
v 0.577350 -0.816497 0.000000
v 0.385131 -0.910684 0.149429
v 0.358132 -0.868209 0.343445
v 0.566257 -0.800808 0.195090
v 0.385131 -0.910684 0.149429
v 0.358132 -0.868209 0.343445
v 0.385131 -0.910684 0.149429
v 0.166667 -0.942809 0.288675
v 0.064713 -0.754344 0.653282
v 0.310647 -0.783578 0.538056
v 0.118366 -0.868209 0.481875
v 0.310647 -0.783578 0.538056
v 0.533402 -0.754344 0.382683
v 0.358132 -0.868209 0.343445
v 0.118366 -0.868209 0.481875
v 0.310647 -0.783578 0.538056
v 0.358132 -0.868209 0.343445
v 0.118366 -0.868209 0.481875
v 0.358132 -0.868209 0.343445
v 0.166667 -0.942809 0.288675
v 0.064713 -0.754344 0.653282
v 0.118366 -0.868209 0.481875
v -0.114175 -0.800808 0.587938
v 0.118366 -0.868209 0.481875
v 0.166667 -0.942809 0.288675
v -0.063156 -0.910684 0.408248
v -0.114175 -0.800808 0.587938
v 0.118366 -0.868209 0.481875
v -0.063156 -0.910684 0.408248
v -0.114175 -0.800808 0.587938
v -0.063156 -0.910684 0.408248
v -0.288675 -0.816497 0.500000
v 0.577350 -0.816497 0.000000
v 0.566257 -0.800808 -0.195090
v 0.385131 -0.910684 -0.149429
v 0.566257 -0.800808 -0.195090
v 0.533402 -0.754345 -0.382683
v 0.358132 -0.868209 -0.343445
v 0.385131 -0.910684 -0.149429
v 0.566257 -0.800808 -0.195090
v 0.358132 -0.868209 -0.343445
v 0.385131 -0.910684 -0.149429
v 0.358132 -0.868209 -0.343445
v 0.166667 -0.942809 -0.288675
v 0.533402 -0.754345 -0.382683
v 0.480049 -0.678892 -0.555570
v 0.310647 -0.783578 -0.538056
v 0.480049 -0.678892 -0.555570
v 0.408248 -0.577350 -0.707107
v 0.241113 -0.678892 -0.693520
v 0.310647 -0.783578 -0.538056
v 0.480049 -0.678892 -0.555570
v 0.241113 -0.678892 -0.693520
v 0.310647 -0.783578 -0.538056
v 0.241113 -0.678892 -0.693520
v 0.064712 -0.754345 -0.653281
v 0.166667 -0.942809 -0.288675
v 0.358132 -0.868209 -0.343445
v 0.118366 -0.868209 -0.481874
v 0.358132 -0.868209 -0.343445
v 0.533402 -0.754345 -0.382683
v 0.310647 -0.783578 -0.538056
v 0.118366 -0.868209 -0.481874
v 0.358132 -0.868209 -0.343445
v 0.310647 -0.783578 -0.538056
v 0.118366 -0.868209 -0.481874
v 0.310647 -0.783578 -0.538056
v 0.064712 -0.754345 -0.653281
v 0.166667 -0.942809 -0.288675
v 0.118366 -0.868209 -0.481874
v -0.063156 -0.910684 -0.408248
v 0.118366 -0.868209 -0.481874
v 0.064712 -0.754345 -0.653281
v -0.114175 -0.800808 -0.587938
v -0.063156 -0.910684 -0.408248
v 0.118366 -0.868209 -0.481874
v -0.114175 -0.800808 -0.587938
v -0.063156 -0.910684 -0.408248
v -0.114175 -0.800808 -0.587938
v -0.288675 -0.816497 -0.500000
v -0.288675 -0.816497 0.500000
v -0.063156 -0.910684 0.408248
v -0.321975 -0.910684 0.258819
v -0.063156 -0.910684 0.408248
v 0.166667 -0.942809 0.288675
v -0.087039 -0.984732 0.150756
v -0.321975 -0.910684 0.258819
v -0.063156 -0.910684 0.408248
v -0.087039 -0.984732 0.150756
v -0.321975 -0.910684 0.258819
v -0.087039 -0.984732 0.150756
v -0.333333 -0.942809 0.000000
v 0.166667 -0.942809 0.288675
v 0.385131 -0.910684 0.149429
v 0.174078 -0.984732 0.000000
v 0.385131 -0.910684 0.149429
v 0.577350 -0.816497 0.000000
v 0.385131 -0.910684 -0.149429
v 0.174078 -0.984732 0.000000
v 0.385131 -0.910684 0.149429
v 0.385131 -0.910684 -0.149429
v 0.174078 -0.984732 0.000000
v 0.385131 -0.910684 -0.149429
v 0.166667 -0.942809 -0.288675
v -0.333333 -0.942809 0.000000
v -0.087039 -0.984732 0.150756
v -0.087039 -0.984732 -0.150756
v -0.087039 -0.984732 0.150756
v 0.166667 -0.942809 0.288675
v 0.174078 -0.984732 0.000000
v -0.087039 -0.984732 -0.150756
v -0.087039 -0.984732 0.150756
v 0.174078 -0.984732 0.000000
v -0.087039 -0.984732 -0.150756
v 0.174078 -0.984732 0.000000
v 0.166667 -0.942809 -0.288675
v -0.333333 -0.942809 0.000000
v -0.087039 -0.984732 -0.150756
v -0.321975 -0.910684 -0.258819
v -0.087039 -0.984732 -0.150756
v 0.166667 -0.942809 -0.288675
v -0.063156 -0.910684 -0.408248
v -0.321975 -0.910684 -0.258819
v -0.087039 -0.984732 -0.150756
v -0.063156 -0.910684 -0.408248
v -0.321975 -0.910684 -0.258819
v -0.063156 -0.910684 -0.408248
v -0.288675 -0.816497 -0.500000
v -0.288675 -0.816497 0.500000
v -0.321975 -0.910684 0.258819
v -0.452082 -0.800808 0.392848
v -0.321975 -0.910684 0.258819
v -0.333333 -0.942809 0.000000
v -0.476499 -0.868209 0.138429
v -0.452082 -0.800808 0.392848
v -0.321975 -0.910684 0.258819
v -0.476499 -0.868209 0.138429
v -0.452082 -0.800808 0.392848
v -0.476499 -0.868209 0.138429
v -0.598115 -0.754344 0.270598
v -0.333333 -0.942809 0.000000
v -0.321975 -0.910684 -0.258819
v -0.476499 -0.868209 -0.138429
v -0.321975 -0.910684 -0.258819
v -0.288675 -0.816497 -0.500000
v -0.452082 -0.800808 -0.392847
v -0.476499 -0.868209 -0.138429
v -0.321975 -0.910684 -0.258819
v -0.452082 -0.800808 -0.392847
v -0.476499 -0.868209 -0.138429
v -0.452082 -0.800808 -0.392847
v -0.598115 -0.754345 -0.270598
v -0.598115 -0.754344 0.270598
v -0.476499 -0.868209 0.138429
v -0.621294 -0.783578 0.000000
v -0.476499 -0.868209 0.138429
v -0.333333 -0.942809 0.000000
v -0.476499 -0.868209 -0.138429
v -0.621294 -0.783578 0.000000
v -0.476499 -0.868209 0.138429
v -0.476499 -0.868209 -0.138429
v -0.621294 -0.783578 0.000000
v -0.476499 -0.868209 -0.138429
v -0.598115 -0.754345 -0.270598
v -0.598115 -0.754344 0.270598
v -0.621294 -0.783578 0.000000
v -0.721162 -0.678892 0.137950
v -0.621294 -0.783578 0.000000
v -0.598115 -0.754345 -0.270598
v -0.721162 -0.678892 -0.137950
v -0.721162 -0.678892 0.137950
v -0.621294 -0.783578 0.000000
v -0.721162 -0.678892 -0.137950
v -0.721162 -0.678892 0.137950
v -0.721162 -0.678892 -0.137950
v -0.816497 -0.577350 0.000000
v 0.408248 -0.577350 0.707107
v 0.064713 -0.754344 0.653282
v 0.191789 -0.560963 0.805319
v 0.064713 -0.754344 0.653282
v -0.288675 -0.816497 0.500000
v -0.168206 -0.689577 0.704408
v 0.191789 -0.560963 0.805319
v 0.064713 -0.754344 0.653282
v -0.168206 -0.689577 0.704408
v 0.191789 -0.560963 0.805319
v -0.168206 -0.689577 0.704408
v -0.035558 -0.512730 0.857813
v -0.288675 -0.816497 0.500000
v -0.598115 -0.754344 0.270598
v -0.525932 -0.689577 0.497874
v -0.598115 -0.754344 0.270598
v -0.816497 -0.577350 0.000000
v -0.793321 -0.560963 0.236565
v -0.525932 -0.689577 0.497874
v -0.598115 -0.754344 0.270598
v -0.793321 -0.560963 0.236565
v -0.525932 -0.689577 0.497874
v -0.793321 -0.560963 0.236565
v -0.725109 -0.512730 0.459701
v -0.035558 -0.512730 0.857813
v -0.168206 -0.689577 0.704408
v -0.414606 -0.558933 0.718119
v -0.168206 -0.689577 0.704408
v -0.288675 -0.816497 0.500000
v -0.525932 -0.689577 0.497874
v -0.414606 -0.558933 0.718119
v -0.168206 -0.689577 0.704408
v -0.525932 -0.689577 0.497874
v -0.414606 -0.558933 0.718119
v -0.525932 -0.689577 0.497874
v -0.725109 -0.512730 0.459701
v -0.035558 -0.512730 0.857813
v -0.414606 -0.558933 0.718119
v -0.260886 -0.435390 0.861611
v -0.414606 -0.558933 0.718119
v -0.725109 -0.512730 0.459701
v -0.615734 -0.435390 0.656740
v -0.260886 -0.435390 0.861611
v -0.414606 -0.558933 0.718119
v -0.615734 -0.435390 0.656740
v -0.260886 -0.435390 0.861611
v -0.615734 -0.435390 0.656740
v -0.471404 -0.333333 0.816497
f 0 2 1
f 3 5 4
f 6 8 7
f 9 11 10
f 12 14 13
f 15 17 16
f 18 20 19
f 21 23 22
f 24 26 25
f 27 29 28
f 30 32 31
f 33 35 34
f 36 38 37
f 39 41 40
f 42 44 43
f 45 47 46
f 48 50 49
f 51 53 52
f 54 56 55
f 57 59 58
f 60 62 61
f 63 65 64
f 66 68 67
f 69 71 70
f 72 74 73
f 75 77 76
f 78 80 79
f 81 83 82
f 84 86 85
f 87 89 88
f 90 92 91
f 93 95 94
f 96 98 97
f 99 101 100
f 102 104 103
f 105 107 106
f 108 110 109
f 111 113 112
f 114 116 115
f 117 119 118
f 120 122 121
f 123 125 124
f 126 128 127
f 129 131 130
f 132 134 133
f 135 137 136
f 138 140 139
f 141 143 142
f 144 146 145
f 147 149 148
f 150 152 151
f 153 155 154
f 156 158 157
f 159 161 160
f 162 164 163
f 165 167 166
f 168 170 169
f 171 173 172
f 174 176 175
f 177 179 178
f 180 182 181
f 183 185 184
f 186 188 187
f 189 191 190
f 192 194 193
f 195 197 196
f 198 200 199
f 201 203 202
f 204 206 205
f 207 209 208
f 210 212 211
f 213 215 214
f 216 218 217
f 219 221 220
f 222 224 223
f 225 227 226
f 228 230 229
f 231 233 232
f 234 236 235
f 237 239 238
f 240 242 241
f 243 245 244
f 246 248 247
f 249 251 250
f 252 254 253
f 255 257 256
f 258 260 259
f 261 263 262
f 264 266 265
f 267 269 268
f 270 272 271
f 273 275 274
f 276 278 277
f 279 281 280
f 282 284 283
f 285 287 286
f 288 290 289
f 291 293 292
f 294 296 295
f 297 299 298
f 300 302 301
f 303 305 304
f 306 308 307
f 309 311 310
f 312 314 313
f 315 317 316
f 318 320 319
f 321 323 322
f 324 326 325
f 327 329 328
f 330 332 331
f 333 335 334
f 336 338 337
f 339 341 340
f 342 344 343
f 345 347 346
f 348 350 349
f 351 353 352
f 354 356 355
f 357 359 358
f 360 362 361
f 363 365 364
f 366 368 367
f 369 371 370
f 372 374 373
f 375 377 376
f 378 380 379
f 381 383 382
f 384 386 385
f 387 389 388
f 390 392 391
f 393 395 394
f 396 398 397
f 399 401 400
f 402 404 403
f 405 407 406
f 408 410 409
f 411 413 412
f 414 416 415
f 417 419 418
f 420 422 421
f 423 425 424
f 426 428 427
f 429 431 430
f 432 434 433
f 435 437 436
f 438 440 439
f 441 443 442
f 444 446 445
f 447 449 448
f 450 452 451
f 453 455 454
f 456 458 457
f 459 461 460
f 462 464 463
f 465 467 466
f 468 470 469
f 471 473 472
f 474 476 475
f 477 479 478
f 480 482 481
f 483 485 484
f 486 488 487
f 489 491 490
f 492 494 493
f 495 497 496
f 498 500 499
f 501 503 502
f 504 506 505
f 507 509 508
f 510 512 511
f 513 515 514
f 516 518 517
f 519 521 520
f 522 524 523
f 525 527 526
f 528 530 529
f 531 533 532
f 534 536 535
f 537 539 538
f 540 542 541
f 543 545 544
f 546 548 547
f 549 551 550
f 552 554 553
f 555 557 556
f 558 560 559
f 561 563 562
f 564 566 565
f 567 569 568
f 570 572 571
f 573 575 574
f 576 578 577
f 579 581 580
f 582 584 583
f 585 587 586
f 588 590 589
f 591 593 592
f 594 596 595
f 597 599 598
f 600 602 601
f 603 605 604
f 606 608 607
f 609 611 610
f 612 614 613
f 615 617 616
f 618 620 619
f 621 623 622
f 624 626 625
f 627 629 628
f 630 632 631
f 633 635 634
f 636 638 637
f 639 641 640
f 642 644 643
f 645 647 646
f 648 650 649
f 651 653 652
f 654 656 655
f 657 659 658
f 660 662 661
f 663 665 664
f 666 668 667
f 669 671 670
f 672 674 673
f 675 677 676
f 678 680 679
f 681 683 682
f 684 686 685
f 687 689 688
f 690 692 691
f 693 695 694
f 696 698 697
f 699 701 700
f 702 704 703
f 705 707 706
f 708 710 709
f 711 713 712
f 714 716 715
f 717 719 718
f 720 722 721
f 723 725 724
f 726 728 727
f 729 731 730
f 732 734 733
f 735 737 736
f 738 740 739
f 741 743 742
f 744 746 745
f 747 749 748
f 750 752 751
f 753 755 754
f 756 758 757
f 759 761 760
f 762 764 763
f 765 767 766
f 768 770 769
f 771 773 772
f 774 776 775
f 777 779 778
f 780 782 781
f 783 785 784
f 786 788 787
f 789 791 790
f 792 794 793
f 795 797 796
f 798 800 799
f 801 803 802
f 804 806 805
f 807 809 808
f 810 812 811
f 813 815 814
f 816 818 817
f 819 821 820
f 822 824 823
f 825 827 826
f 828 830 829
f 831 833 832
f 834 836 835
f 837 839 838
f 840 842 841
f 843 845 844
f 846 848 847
f 849 851 850
f 852 854 853
f 855 857 856
f 858 860 859
f 861 863 862
f 864 866 865
f 867 869 868
f 870 872 871
f 873 875 874
f 876 878 877
f 879 881 880
f 882 884 883
f 885 887 886
f 888 890 889
f 891 893 892
f 894 896 895
f 897 899 898
f 900 902 901
f 903 905 904
f 906 908 907
f 909 911 910
f 912 914 913
f 915 917 916
f 918 920 919
f 921 923 922
f 924 926 925
f 927 929 928
f 930 932 931
f 933 935 934
f 936 938 937
f 939 941 940
f 942 944 943
f 945 947 946
f 948 950 949
f 951 953 952
f 954 956 955
f 957 959 958
f 960 962 961
f 963 965 964
f 966 968 967
f 969 971 970
f 972 974 973
f 975 977 976
f 978 980 979
f 981 983 982
f 984 986 985
f 987 989 988
f 990 992 991
f 993 995 994
f 996 998 997
f 999 1001 1000
f 1002 1004 1003
f 1005 1007 1006
f 1008 1010 1009
f 1011 1013 1012
f 1014 1016 1015
f 1017 1019 1018
f 1020 1022 1021
f 1023 1025 1024
f 1026 1028 1027
f 1029 1031 1030
f 1032 1034 1033
f 1035 1037 1036
f 1038 1040 1039
f 1041 1043 1042
f 1044 1046 1045
f 1047 1049 1048
f 1050 1052 1051
f 1053 1055 1054
f 1056 1058 1057
f 1059 1061 1060
f 1062 1064 1063
f 1065 1067 1066
f 1068 1070 1069
f 1071 1073 1072
f 1074 1076 1075
f 1077 1079 1078
f 1080 1082 1081
f 1083 1085 1084
f 1086 1088 1087
f 1089 1091 1090
f 1092 1094 1093
f 1095 1097 1096
f 1098 1100 1099
f 1101 1103 1102
f 1104 1106 1105
f 1107 1109 1108
f 1110 1112 1111
f 1113 1115 1114
f 1116 1118 1117
f 1119 1121 1120
f 1122 1124 1123
f 1125 1127 1126
f 1128 1130 1129
f 1131 1133 1132
f 1134 1136 1135
f 1137 1139 1138
f 1140 1142 1141
f 1143 1145 1144
f 1146 1148 1147
f 1149 1151 1150
f 1152 1154 1153
f 1155 1157 1156
f 1158 1160 1159
f 1161 1163 1162
f 1164 1166 1165
f 1167 1169 1168
f 1170 1172 1171
f 1173 1175 1174
f 1176 1178 1177
f 1179 1181 1180
f 1182 1184 1183
f 1185 1187 1186
f 1188 1190 1189
f 1191 1193 1192
f 1194 1196 1195
f 1197 1199 1198
f 1200 1202 1201
f 1203 1205 1204
f 1206 1208 1207
f 1209 1211 1210
f 1212 1214 1213
f 1215 1217 1216
f 1218 1220 1219
f 1221 1223 1222
f 1224 1226 1225
f 1227 1229 1228
f 1230 1232 1231
f 1233 1235 1234
f 1236 1238 1237
f 1239 1241 1240
f 1242 1244 1243
f 1245 1247 1246
f 1248 1250 1249
f 1251 1253 1252
f 1254 1256 1255
f 1257 1259 1258
f 1260 1262 1261
f 1263 1265 1264
f 1266 1268 1267
f 1269 1271 1270
f 1272 1274 1273
f 1275 1277 1276
f 1278 1280 1279
f 1281 1283 1282
f 1284 1286 1285
f 1287 1289 1288
f 1290 1292 1291
f 1293 1295 1294
f 1296 1298 1297
f 1299 1301 1300
f 1302 1304 1303
f 1305 1307 1306
f 1308 1310 1309
f 1311 1313 1312
f 1314 1316 1315
f 1317 1319 1318
f 1320 1322 1321
f 1323 1325 1324
f 1326 1328 1327
f 1329 1331 1330
f 1332 1334 1333
f 1335 1337 1336
f 1338 1340 1339
f 1341 1343 1342
