v 0.000000 0.000000 1.000000
v -0.171010 0.000000 0.469846
v -0.642788 0.000000 0.766044
v -0.433013 0.000000 0.250000
v -0.984808 0.000000 0.173648
v -0.492404 0.000000 -0.086824
v -0.866025 0.000000 -0.500000
v -0.321394 0.000000 -0.383022
v -0.342020 0.000000 -0.939692
v -0.000000 0.000000 -0.500000
v 0.342020 0.000000 -0.939692
v 0.321394 0.000000 -0.383022
v 0.866025 0.000000 -0.500000
v 0.492404 0.000000 -0.086824
v 0.984808 0.000000 0.173648
v 0.433013 0.000000 0.250000
v 0.642788 0.000000 0.766044
v 0.171010 0.000000 0.469846
v 0.000000 0.200000 0.000000
v 0.000000 -0.200000 0.000000
f 18 1 0
f 18 2 1
f 18 3 2
f 18 4 3
f 18 5 4
f 18 6 5
f 18 7 6
f 18 8 7
f 18 9 8
f 18 10 9
f 18 11 10
f 18 12 11
f 18 13 12
f 18 14 13
f 18 15 14
f 18 16 15
f 18 17 16
f 18 0 17
f 19 0 1
f 19 1 2
f 19 2 3
f 19 3 4
f 19 4 5
f 19 5 6
f 19 6 7
f 19 7 8
f 19 8 9
f 19 9 10
f 19 10 11
f 19 11 12
f 19 12 13
f 19 13 14
f 19 14 15
f 19 15 16
f 19 16 17
f 19 17 0
